Begin Report RATE_3
PSS(R)E Xplore-36.1.0 LIMIT CHECKING REPORT - BRANCH FLOWS          TUE, APR 29 2025  21:32
NEW ENGLAND TEST SYSTEM, 39 BUSES, 9 GENERATORS
CREATED BY PABLO LEDESMA PABLOLE@ING.UC3M.ES

SUBSYSTEM LOADING CHECK (INCLUDED: LINES; BREAKERS AND SWITCHES; TRANSFORMERS) (EXCLUDED: NONE)
MVA LOADINGS ABOVE 100.0 % OF BRANCH RATING:
LOADINGS ABOVE 100.0 % OF SWITCHING DEVICE RATING

X----------- FROM BUS ------------X X------------ TO BUS -------------X               RATING SET 1    RATING SET 3
  BUS#-SCT X-- NAME --X BASKV  AREA   BUS#-SCT X-- NAME --X BASKV  AREA CKT LOADING   RATE1 PERCENT   RATE3 PERCENT
     1     1           1.0000     1      2     2           1.0000*    1  1    180.2  1000.0    18.0     1.0 18018.3
     1     1           1.0000     1     39     39          1.0000*    1  1    193.2  1000.0    19.3     1.0 19318.4
     2     2           1.0000*    1      3     3           1.0000     1  1    401.0  1000.0    40.1     1.0 40097.1
     2     2           1.0000     1     25     25          1.0000*    1  1    340.1  1000.0    34.0     1.0 34011.1
     3     3           1.0000*    1      4     4           1.0000     1  1    379.3  1000.0    37.9     1.0 37931.1
     3     3           1.0000     1     18     18          1.0000*    1  1    344.4  1000.0    34.4     1.0 34441.8
     4     4           1.0000*    1      5     5           1.0000     1  1    247.1  1000.0    24.7     1.0 24714.4
     4     4           1.0000     1     14     14          1.0000*    1  1    100.6  1000.0    10.1     1.0 10063.1
     5     5           1.0000     1      6     6           1.0000*    1  1    444.0  1000.0    44.4     1.0 44397.7
     5     5           1.0000     1      8     8           1.0000*    1  1    307.9  1000.0    30.8     1.0 30790.8
     6     6           1.0000*    1      7     7           1.0000     1  1    414.9  1000.0    41.5     1.0 41492.6
     6     6           1.0000     1     11     11          1.0000*    1  1    284.6  1000.0    28.5     1.0 28456.9
     7     7           1.0000     1      8     8           1.0000*    1  1    167.5  1000.0    16.8     1.0 16754.6
     8     8           1.0000*    1      9     9           1.0000     1  1     77.2  1000.0     7.7     1.0  7717.0
     9     9           1.0000     1     39     39          1.0000*    1  1    146.5  1000.0    14.6     1.0 14646.4
    10     10          1.0000*    1     11     11          1.0000     1  1    265.1  1000.0    26.5     1.0 26507.6
    10     10          1.0000*    1     13     13          1.0000     1  1    441.7  1000.0    44.2     1.0 44167.5
    13     13          1.0000*    1     14     14          1.0000     1  1    435.9  1000.0    43.6     1.0 43588.5
    14     14          1.0000*    1     15     15          1.0000     1  1    599.5  1000.0    60.0     1.0 59953.8
    15     15          1.0000     1     16     16          1.0000*    1  1    894.0  1000.0    89.4     1.0 89402.2
    16     16          1.0000     1     17     17          1.0000*    1  1    605.1  1000.0    60.5     1.0 60507.6
    16     16          1.0000     1     19     19          1.0000*    1  1    496.3   500.0    99.3     1.0 49625.0
    16     16          1.0000*    1     21     21          1.0000     1  1    991.1   500.0   198.2     1.0 99106.2
    16     16          1.0000     1     24     24          1.0000*    1  1    393.6   500.0    78.7     1.0 39357.6
    17     17          1.0000*    1     18     18          1.0000     1  1    485.8   500.0    97.2     1.0 48584.2
    17     17          1.0000*    1     27     27          1.0000     1  1    139.3   500.0    27.9     1.0 13925.9
    21     21          1.0000     1     22     22          1.0000*    1  1   1255.9   500.0   251.2     1.0125592.1
    22     22          1.0000*    1     23     23          1.0000     1  1    414.5   500.0    82.9     1.0 41453.8
    23     23          1.0000*    1     24     24          1.0000     1  1    713.8   500.0   142.8     1.0 71384.0
    25     25          1.0000     1     26     26          1.0000*    1  1     76.3   500.0    15.3     1.0  7627.7
    26     26          1.0000     1     27     27          1.0000*    1  1    238.4   500.0    47.7     1.0 23840.1
    26     26          1.0000     1     28     28          1.0000*    1  1    147.9   500.0    29.6     1.0 14789.5
    26     26          1.0000     1     29     29          1.0000*    1  1    199.3   500.0    39.9     1.0 19926.1
    28     28          1.0000     1     29     29          1.0000*    1  1    350.2   500.0    70.0     1.0 35019.0
