Begin Report RATE_3
PSS(R)E Xplore-36.1.0 LIMIT CHECKING REPORT - BRANCH FLOWS          TUE, APR 29 2025  21:34
NEW ENGLAND TEST SYSTEM, 39 BUSES, 9 GENERATORS
CREATED BY PABLO LEDESMA PABLOLE@ING.UC3M.ES

SUBSYSTEM LOADING CHECK (INCLUDED: LINES; BREAKERS AND SWITCHES; TRANSFORMERS) (EXCLUDED: NONE)
MVA LOADINGS ABOVE 100.0 % OF BRANCH RATING:
LOADINGS ABOVE 100.0 % OF SWITCHING DEVICE RATING

X----------- FROM BUS ------------X X------------ TO BUS -------------X               RATING SET 1    RATING SET 3
  BUS#-SCT X-- NAME --X BASKV  AREA   BUS#-SCT X-- NAME --X BASKV  AREA CKT LOADING   RATE1 PERCENT   RATE3 PERCENT
     1     1           1.0000     1      2     2           1.0000*    1  1    137.8  1000.0    13.8     1.0 13780.8
     1     1           1.0000     1     39     39          1.0000*    1  1    137.3  1000.0    13.7     1.0 13733.8
     2     2           1.0000*    1      3     3           1.0000     1  1    469.3  1000.0    46.9     1.0 46927.7
     2     2           1.0000     1     25     25          1.0000*    1  1    453.4  1000.0    45.3     1.0 45339.7
     3     3           1.0000*    1      4     4           1.0000     1  1    100.9  1000.0    10.1     1.0 10091.2
     3     3           1.0000     1     18     18          1.0000*    1  1    167.3  1000.0    16.7     1.0 16729.2
     4     4           1.0000*    1      5     5           1.0000     1  1    288.5  1000.0    28.9     1.0 28853.7
     4     4           1.0000     1     14     14          1.0000*    1  1    232.9  1000.0    23.3     1.0 23285.3
     5     5           1.0000     1      6     6           1.0000*    1  1    547.6  1000.0    54.8     1.0 54761.9
     5     5           1.0000     1      8     8           1.0000*    1  1    328.7  1000.0    32.9     1.0 32866.2
     6     6           1.0000*    1      7     7           1.0000     1  1    450.2  1000.0    45.0     1.0 45021.9
     6     6           1.0000     1     11     11          1.0000*    1  1    333.7  1000.0    33.4     1.0 33365.7
     7     7           1.0000     1      8     8           1.0000*    1  1    202.4  1000.0    20.2     1.0 20244.2
     8     8           1.0000*    1      9     9           1.0000     1  1     32.5  1000.0     3.2     1.0  3247.1
     9     9           1.0000     1     39     39          1.0000*    1  1    140.3  1000.0    14.0     1.0 14029.0
    10     10          1.0000*    1     11     11          1.0000     1  1    319.1  1000.0    31.9     1.0 31911.3
    10     10          1.0000     1     13     13          1.0000*    1  1    358.5  1000.0    35.9     1.0 35851.0
    13     13          1.0000     1     14     14          1.0000*    1  1    350.0  1000.0    35.0     1.0 35004.7
    14     14          1.0000     1     15     15          1.0000*    1  1    165.9  1000.0    16.6     1.0 16591.5
    15     15          1.0000*    1     16     16          1.0000     1  1    208.5  1000.0    20.8     1.0 20847.0
    16     16          1.0000     1     17     17          1.0000*    1  1    355.6  1000.0    35.6     1.0 35560.3
    16     16          1.0000     1     19     19          1.0000*    1  1    469.7   500.0    93.9     1.0 46974.6
    16     16          1.0000     1     21     21          1.0000*    1  1    330.5   500.0    66.1     1.0 33049.2
    16     16          1.0000*    1     24     24          1.0000     1  1    130.1   500.0    26.0     1.0 13013.7
    17     17          1.0000*    1     18     18          1.0000     1  1    122.3   500.0    24.5     1.0 12227.6
    17     17          1.0000*    1     27     27          1.0000     1  1    398.4   500.0    79.7     1.0 39837.2
    21     21          1.0000     1     22     22          1.0000*    1  1    625.8   500.0   125.2     1.0 62580.3
    22     22          1.0000     1     23     23          1.0000*    1  1     76.9   500.0    15.4     1.0  7685.2
    23     23          1.0000*    1     24     24          1.0000     1  1    355.0   500.0    71.0     1.0 35495.4
    25     25          1.0000     1     26     26          1.0000*    1  1    323.5   500.0    64.7     1.0 32345.8
    26     26          1.0000     1     27     27          1.0000*    1  1   1076.9   500.0   215.4     1.0107692.1
    26     26          1.0000*    1     28     28          1.0000     1  1    625.8   500.0   125.2     1.0 62584.1
    26     26          1.0000     1     29     29          1.0000*    1  1    680.3   500.0   136.1     1.0 68028.3
    28     28          1.0000     1     29     29          1.0000*    1  1    844.6   500.0   168.9     1.0 84457.3
