Begin Report RATE_3
PSS(R)E Xplore-36.1.0 LIMIT CHECKING REPORT - BRANCH FLOWS          TUE, APR 29 2025  21:33
NEW ENGLAND TEST SYSTEM, 39 BUSES, 9 GENERATORS
CREATED BY PABLO LEDESMA PABLOLE@ING.UC3M.ES

SUBSYSTEM LOADING CHECK (INCLUDED: LINES; BREAKERS AND SWITCHES; TRANSFORMERS) (EXCLUDED: NONE)
MVA LOADINGS ABOVE 100.0 % OF BRANCH RATING:
LOADINGS ABOVE 100.0 % OF SWITCHING DEVICE RATING

X----------- FROM BUS ------------X X------------ TO BUS -------------X               RATING SET 1    RATING SET 3
  BUS#-SCT X-- NAME --X BASKV  AREA   BUS#-SCT X-- NAME --X BASKV  AREA CKT LOADING   RATE1 PERCENT   RATE3 PERCENT
     1     1           1.0000     1      2     2           1.0000*    1  1    101.7  1000.0    10.2     1.0 10168.4
     1     1           1.0000     1     39     39          1.0000*    1  1    132.3  1000.0    13.2     1.0 13234.7
     2     2           1.0000*    1      3     3           1.0000     1  1    442.6  1000.0    44.3     1.0 44257.1
     2     2           1.0000     1     25     25          1.0000*    1  1    291.3  1000.0    29.1     1.0 29134.4
     3     3           1.0000*    1      4     4           1.0000     1  1    123.5  1000.0    12.4     1.0 12353.1
     3     3           1.0000     1     18     18          1.0000*    1  1    277.2  1000.0    27.7     1.0 27716.4
     4     4           1.0000*    1      5     5           1.0000     1  1    289.2  1000.0    28.9     1.0 28918.3
     4     4           1.0000     1     14     14          1.0000*    1  1    395.1  1000.0    39.5     1.0 39512.8
     5     5           1.0000     1      6     6           1.0000*    1  1    556.9  1000.0    55.7     1.0 55693.9
     5     5           1.0000     1      8     8           1.0000*    1  1    341.4  1000.0    34.1     1.0 34140.9
     6     6           1.0000*    1      7     7           1.0000     1  1    463.3  1000.0    46.3     1.0 46331.4
     6     6           1.0000     1     11     11          1.0000*    1  1    415.3  1000.0    41.5     1.0 41525.3
     7     7           1.0000     1      8     8           1.0000*    1  1    215.5  1000.0    21.6     1.0 21554.5
     8     8           1.0000*    1      9     9           1.0000     1  1     42.6  1000.0     4.3     1.0  4263.0
     9     9           1.0000     1     39     39          1.0000*    1  1    131.4  1000.0    13.1     1.0 13136.3
    10     10          1.0000*    1     11     11          1.0000     1  1    394.7  1000.0    39.5     1.0 39470.8
    10     10          1.0000     1     13     13          1.0000*    1  1    299.5  1000.0    30.0     1.0 29951.8
    13     13          1.0000     1     14     14          1.0000*    1  1    281.6  1000.0    28.2     1.0 28159.0
    14     14          1.0000     1     15     15          1.0000*    1  1    235.0  1000.0    23.5     1.0 23503.4
    15     15          1.0000     1     16     16          1.0000*    1  1    451.1  1000.0    45.1     1.0 45113.3
    16     16          1.0000     1     17     17          1.0000*    1  1   1013.9  1000.0   101.4     1.0101392.6
    16     16          1.0000     1     19     19          1.0000*    1  1    502.0   500.0   100.4     1.0 50203.8
    16     16          1.0000*    1     21     21          1.0000     1  1    866.1   500.0   173.2     1.0 86610.7
    16     16          1.0000*    1     24     24          1.0000     1  1    503.4   500.0   100.7     1.0 50342.4
    17     17          1.0000     1     18     18          1.0000*    1  1    953.8   500.0   190.8     1.0 95382.4
    17     17          1.0000*    1     27     27          1.0000     1  1    121.8   500.0    24.4     1.0 12182.6
    21     21          1.0000     1     22     22          1.0000*    1  1   1146.4   500.0   229.3     1.0114645.0
    22     22          1.0000*    1     23     23          1.0000     1  1    602.3   500.0   120.5     1.0 60230.4
    23     23          1.0000     1     24     24          1.0000*    1  1    823.8   500.0   164.8     1.0 82379.8
    25     25          1.0000     1     26     26          1.0000*    1  1     90.9   500.0    18.2     1.0  9090.0
    26     26          1.0000     1     27     27          1.0000*    1  1    283.6   500.0    56.7     1.0 28363.5
    26     26          1.0000*    1     28     28          1.0000     1  1    146.4   500.0    29.3     1.0 14635.2
    26     26          1.0000     1     29     29          1.0000*    1  1    197.6   500.0    39.5     1.0 19756.4
    28     28          1.0000     1     29     29          1.0000*    1  1    349.8   500.0    70.0     1.0 34984.7
