Begin Report RATE_3
PSS(R)E Xplore-36.1.0 LIMIT CHECKING REPORT - BRANCH FLOWS          TUE, APR 29 2025  21:35
NEW ENGLAND TEST SYSTEM, 39 BUSES, 9 GENERATORS
CREATED BY PABLO LEDESMA PABLOLE@ING.UC3M.ES

SUBSYSTEM LOADING CHECK (INCLUDED: LINES; BREAKERS AND SWITCHES; TRANSFORMERS) (EXCLUDED: NONE)
MVA LOADINGS ABOVE 100.0 % OF BRANCH RATING:
LOADINGS ABOVE 100.0 % OF SWITCHING DEVICE RATING

X----------- FROM BUS ------------X X------------ TO BUS -------------X               RATING SET 1    RATING SET 3
  BUS#-SCT X-- NAME --X BASKV  AREA   BUS#-SCT X-- NAME --X BASKV  AREA CKT LOADING   RATE1 PERCENT   RATE3 PERCENT
     1     1           1.0000     1      2     2           1.0000*    1  1     58.3  1000.0     5.8     1.0  5828.7
     1     1           1.0000     1     39     39          1.0000*    1  1     97.2  1000.0     9.7     1.0  9717.3
     2     2           1.0000     1      3     3           1.0000*    1  1    289.9  1000.0    29.0     1.0 28986.3
     2     2           1.0000     1     25     25          1.0000*    1  1    514.2  1000.0    51.4     1.0 51424.5
     3     3           1.0000*    1      4     4           1.0000     1  1    151.8  1000.0    15.2     1.0 15177.0
     3     3           1.0000     1     18     18          1.0000*    1  1    469.2  1000.0    46.9     1.0 46923.9
     4     4           1.0000*    1      5     5           1.0000     1  1    255.8  1000.0    25.6     1.0 25577.2
     4     4           1.0000     1     14     14          1.0000*    1  1    455.0  1000.0    45.5     1.0 45497.9
     5     5           1.0000     1      6     6           1.0000*    1  1    571.6  1000.0    57.2     1.0 57164.0
     5     5           1.0000*    1      8     8           1.0000     1  1    386.0  1000.0    38.6     1.0 38599.6
     6     6           1.0000*    1      7     7           1.0000     1  1    502.1  1000.0    50.2     1.0 50213.8
     6     6           1.0000     1     11     11          1.0000*    1  1    452.5  1000.0    45.2     1.0 45248.7
     7     7           1.0000     1      8     8           1.0000*    1  1    254.0  1000.0    25.4     1.0 25401.5
     8     8           1.0000*    1      9     9           1.0000     1  1    106.9  1000.0    10.7     1.0 10694.5
     9     9           1.0000     1     39     39          1.0000*    1  1    162.5  1000.0    16.3     1.0 16251.8
    10     10          1.0000*    1     11     11          1.0000     1  1    430.9  1000.0    43.1     1.0 43087.4
    10     10          1.0000     1     13     13          1.0000*    1  1    254.8  1000.0    25.5     1.0 25478.1
    13     13          1.0000     1     14     14          1.0000*    1  1    234.3  1000.0    23.4     1.0 23428.5
    14     14          1.0000     1     15     15          1.0000*    1  1    281.5  1000.0    28.2     1.0 28154.8
    15     15          1.0000     1     16     16          1.0000*    1  1    555.4  1000.0    55.5     1.0 55544.8
    16     16          1.0000     1     17     17          1.0000*    1  1    901.3  1000.0    90.1     1.0 90126.7
    16     16          1.0000     1     19     19          1.0000*    1  1   1442.2   500.0   288.4     1.0144217.6
    16     16          1.0000*    1     21     21          1.0000     1  1    331.3   500.0    66.3     1.0 33132.9
    16     16          1.0000*    1     24     24          1.0000     1  1    137.1   500.0    27.4     1.0 13709.2
    17     17          1.0000*    1     18     18          1.0000     1  1    618.9   500.0   123.8     1.0 61889.8
    17     17          1.0000*    1     27     27          1.0000     1  1    286.7   500.0    57.3     1.0 28674.9
    21     21          1.0000     1     22     22          1.0000*    1  1    629.0   500.0   125.8     1.0 62897.7
    22     22          1.0000     1     23     23          1.0000*    1  1     77.4   500.0    15.5     1.0  7736.2
    23     23          1.0000*    1     24     24          1.0000     1  1    355.7   500.0    71.1     1.0 35569.9
    25     25          1.0000     1     26     26          1.0000*    1  1    198.1   500.0    39.6     1.0 19808.1
    26     26          1.0000     1     27     27          1.0000*    1  1    147.7   500.0    29.5     1.0 14770.7
    26     26          1.0000     1     28     28          1.0000*    1  1    149.5   500.0    29.9     1.0 14948.2
    26     26          1.0000     1     29     29          1.0000*    1  1    200.9   500.0    40.2     1.0 20085.8
    28     28          1.0000     1     29     29          1.0000*    1  1    350.6   500.0    70.1     1.0 35057.7
