Begin Report RATE_3
PSS(R)E Xplore-36.1.0 LIMIT CHECKING REPORT - BRANCH FLOWS          TUE, APR 29 2025  21:35
NEW ENGLAND TEST SYSTEM, 39 BUSES, 9 GENERATORS
CREATED BY PABLO LEDESMA PABLOLE@ING.UC3M.ES

SUBSYSTEM LOADING CHECK (INCLUDED: LINES; BREAKERS AND SWITCHES; TRANSFORMERS) (EXCLUDED: NONE)
MVA LOADINGS ABOVE 100.0 % OF BRANCH RATING:
LOADINGS ABOVE 100.0 % OF SWITCHING DEVICE RATING

X----------- FROM BUS ------------X X------------ TO BUS -------------X               RATING SET 1    RATING SET 3
  BUS#-SCT X-- NAME --X BASKV  AREA   BUS#-SCT X-- NAME --X BASKV  AREA CKT LOADING   RATE1 PERCENT   RATE3 PERCENT
     1     1           1.0000     1      2     2           1.0000*    1  1    628.4  1000.0    62.8     1.0 62839.4
     1     1           1.0000*    1     39     39          1.0000     1  1    618.0  1000.0    61.8     1.0 61799.1
     2     2           1.0000     1      3     3           1.0000*    1  1    113.8  1000.0    11.4     1.0 11381.4
     2     2           1.0000     1     25     25          1.0000*    1  1    438.6  1000.0    43.9     1.0 43858.7
     3     3           1.0000*    1      4     4           1.0000     1  1    131.8  1000.0    13.2     1.0 13184.4
     3     3           1.0000     1     18     18          1.0000*    1  1    440.2  1000.0    44.0     1.0 44018.5
     4     4           1.0000*    1      5     5           1.0000     1  1    177.7  1000.0    17.8     1.0 17770.8
     4     4           1.0000*    1     14     14          1.0000     1  1    448.2  1000.0    44.8     1.0 44816.9
     5     5           1.0000     1      6     6           1.0000*    1  1    534.4  1000.0    53.4     1.0 53436.2
     5     5           1.0000*    1      8     8           1.0000     1  1    613.5  1000.0    61.4     1.0 61353.9
     6     6           1.0000*    1      7     7           1.0000     1  1    681.9  1000.0    68.2     1.0 68188.3
     6     6           1.0000*    1     11     11          1.0000     1  1    570.7  1000.0    57.1     1.0 57072.4
     7     7           1.0000*    1      8     8           1.0000     1  1    429.4  1000.0    42.9     1.0 42942.7
     8     8           1.0000*    1      9     9           1.0000     1  1    500.8  1000.0    50.1     1.0 50081.1
     9     9           1.0000*    1     39     39          1.0000     1  1    499.4  1000.0    49.9     1.0 49940.1
    10     10          1.0000*    1     11     11          1.0000     1  1    542.4  1000.0    54.2     1.0 54236.5
    10     10          1.0000     1     13     13          1.0000*    1  1    174.5  1000.0    17.4     1.0 17447.8
    13     13          1.0000     1     14     14          1.0000*    1  1    143.9  1000.0    14.4     1.0 14385.5
    14     14          1.0000     1     15     15          1.0000*    1  1    398.0  1000.0    39.8     1.0 39798.5
    15     15          1.0000     1     16     16          1.0000*    1  1    681.5  1000.0    68.2     1.0 68151.2
    16     16          1.0000     1     17     17          1.0000*    1  1    804.0  1000.0    80.4     1.0 80403.2
    16     16          1.0000     1     19     19          1.0000*    1  1    495.7   500.0    99.1     1.0 49572.6
    16     16          1.0000*    1     21     21          1.0000     1  1    991.3   500.0   198.3     1.0 99129.9
    16     16          1.0000     1     24     24          1.0000*    1  1    393.6   500.0    78.7     1.0 39359.4
    17     17          1.0000     1     18     18          1.0000*    1  1    586.4   500.0   117.3     1.0 58638.9
    17     17          1.0000*    1     27     27          1.0000     1  1    227.5   500.0    45.5     1.0 22753.6
    21     21          1.0000     1     22     22          1.0000*    1  1   1255.8   500.0   251.2     1.0125581.8
    22     22          1.0000*    1     23     23          1.0000     1  1    414.5   500.0    82.9     1.0 41453.6
    23     23          1.0000*    1     24     24          1.0000     1  1    713.8   500.0   142.8     1.0 71379.6
    25     25          1.0000     1     26     26          1.0000*    1  1    136.3   500.0    27.3     1.0 13631.3
    26     26          1.0000     1     27     27          1.0000*    1  1    180.3   500.0    36.1     1.0 18032.6
    26     26          1.0000     1     28     28          1.0000*    1  1    147.3   500.0    29.5     1.0 14725.0
    26     26          1.0000     1     29     29          1.0000*    1  1    198.6   500.0    39.7     1.0 19859.7
    28     28          1.0000     1     29     29          1.0000*    1  1    350.0   500.0    70.0     1.0 35004.6
