Begin Report RATE_3
PSS(R)E Xplore-36.1.0 LIMIT CHECKING REPORT - BRANCH FLOWS          TUE, APR 29 2025  21:34
NEW ENGLAND TEST SYSTEM, 39 BUSES, 9 GENERATORS
CREATED BY PABLO LEDESMA PABLOLE@ING.UC3M.ES

SUBSYSTEM LOADING CHECK (INCLUDED: LINES; BREAKERS AND SWITCHES; TRANSFORMERS) (EXCLUDED: NONE)
MVA LOADINGS ABOVE 100.0 % OF BRANCH RATING:
LOADINGS ABOVE 100.0 % OF SWITCHING DEVICE RATING

X----------- FROM BUS ------------X X------------ TO BUS -------------X               RATING SET 1    RATING SET 3
  BUS#-SCT X-- NAME --X BASKV  AREA   BUS#-SCT X-- NAME --X BASKV  AREA CKT LOADING   RATE1 PERCENT   RATE3 PERCENT
     1     1           1.0000     1      2     2           1.0000*    1  1     69.1  1000.0     6.9     1.0  6906.0
     1     1           1.0000     1     39     39          1.0000*    1  1    126.6  1000.0    12.7     1.0 12661.5
     2     2           1.0000     1      3     3           1.0000*    1  1    165.5  1000.0    16.6     1.0 16550.8
     2     2           1.0000     1     25     25          1.0000*    1  1    131.1  1000.0    13.1     1.0 13106.8
     3     3           1.0000*    1      4     4           1.0000     1  1     87.9  1000.0     8.8     1.0  8791.6
     3     3           1.0000     1     18     18          1.0000*    1  1    249.6  1000.0    25.0     1.0 24957.7
     4     4           1.0000*    1      5     5           1.0000     1  1    258.5  1000.0    25.9     1.0 25852.1
     4     4           1.0000     1     14     14          1.0000*    1  1    395.0  1000.0    39.5     1.0 39499.9
     5     5           1.0000     1      6     6           1.0000*    1  1    544.7  1000.0    54.5     1.0 54471.7
     5     5           1.0000*    1      8     8           1.0000     1  1    360.2  1000.0    36.0     1.0 36018.9
     6     6           1.0000*    1      7     7           1.0000     1  1    476.2  1000.0    47.6     1.0 47623.8
     6     6           1.0000     1     11     11          1.0000*    1  1    429.2  1000.0    42.9     1.0 42922.4
     7     7           1.0000     1      8     8           1.0000*    1  1    228.4  1000.0    22.8     1.0 22837.2
     8     8           1.0000*    1      9     9           1.0000     1  1     60.8  1000.0     6.1     1.0  6081.3
     9     9           1.0000     1     39     39          1.0000*    1  1    140.6  1000.0    14.1     1.0 14059.5
    10     10          1.0000*    1     11     11          1.0000     1  1    407.9  1000.0    40.8     1.0 40788.9
    10     10          1.0000     1     13     13          1.0000*    1  1    284.3  1000.0    28.4     1.0 28428.1
    13     13          1.0000     1     14     14          1.0000*    1  1    265.6  1000.0    26.6     1.0 26560.1
    14     14          1.0000     1     15     15          1.0000*    1  1    242.4  1000.0    24.2     1.0 24240.1
    15     15          1.0000     1     16     16          1.0000*    1  1    463.8  1000.0    46.4     1.0 46380.7
    16     16          1.0000     1     17     17          1.0000*    1  1   1012.4  1000.0   101.2     1.0101243.7
    16     16          1.0000     1     19     19          1.0000*    1  1    496.5   500.0    99.3     1.0 49652.4
    16     16          1.0000*    1     21     21          1.0000     1  1    990.9   500.0   198.2     1.0 99093.1
    16     16          1.0000     1     24     24          1.0000*    1  1    393.6   500.0    78.7     1.0 39356.3
    17     17          1.0000*    1     18     18          1.0000     1  1    359.8   500.0    72.0     1.0 35983.4
    17     17          1.0000*    1     27     27          1.0000     1  1    674.7   500.0   134.9     1.0 67472.3
    21     21          1.0000     1     22     22          1.0000*    1  1   1256.0   500.0   251.2     1.0125596.7
    22     22          1.0000*    1     23     23          1.0000     1  1    414.5   500.0    82.9     1.0 41453.8
    23     23          1.0000*    1     24     24          1.0000     1  1    713.9   500.0   142.8     1.0 71385.8
    25     25          1.0000*    1     26     26          1.0000     1  1    430.8   500.0    86.2     1.0 43080.8
    26     26          1.0000     1     27     27          1.0000*    1  1    413.7   500.0    82.7     1.0 41368.1
    26     26          1.0000*    1     28     28          1.0000     1  1    153.7   500.0    30.7     1.0 15367.8
    26     26          1.0000*    1     29     29          1.0000     1  1    200.1   500.0    40.0     1.0 20011.0
    28     28          1.0000     1     29     29          1.0000*    1  1    349.7   500.0    69.9     1.0 34967.5
