Begin Report RATE_3
PSS(R)E Xplore-36.1.0 LIMIT CHECKING REPORT - BRANCH FLOWS          TUE, APR 29 2025  21:35
NEW ENGLAND TEST SYSTEM, 39 BUSES, 9 GENERATORS
CREATED BY PABLO LEDESMA PABLOLE@ING.UC3M.ES

SUBSYSTEM LOADING CHECK (INCLUDED: LINES; BREAKERS AND SWITCHES; TRANSFORMERS) (EXCLUDED: NONE)
MVA LOADINGS ABOVE 100.0 % OF BRANCH RATING:
LOADINGS ABOVE 100.0 % OF SWITCHING DEVICE RATING

X----------- FROM BUS ------------X X------------ TO BUS -------------X               RATING SET 1    RATING SET 3
  BUS#-SCT X-- NAME --X BASKV  AREA   BUS#-SCT X-- NAME --X BASKV  AREA CKT LOADING   RATE1 PERCENT   RATE3 PERCENT
     1     1           1.0000     1      2     2           1.0000*    1  1    228.3  1000.0    22.8     1.0 22832.0
     1     1           1.0000     1     39     39          1.0000*    1  1    233.6  1000.0    23.4     1.0 23361.1
     2     2           1.0000     1      3     3           1.0000*    1  1    375.5  1000.0    37.5     1.0 37545.5
     2     2           1.0000     1     25     25          1.0000*    1  1    362.1  1000.0    36.2     1.0 36206.8
     3     3           1.0000*    1      4     4           1.0000     1  1    405.6  1000.0    40.6     1.0 40561.0
     3     3           1.0000     1     18     18          1.0000*    1  1    396.4  1000.0    39.6     1.0 39641.1
     4     4           1.0000     1      5     5           1.0000*    1  1    370.9  1000.0    37.1     1.0 37089.1
     4     4           1.0000*    1     14     14          1.0000     1  1    416.3  1000.0    41.6     1.0 41625.6
     5     5           1.0000*    1      6     6           1.0000     1  1     76.0  1000.0     7.6     1.0  7601.9
     5     5           1.0000     1      8     8           1.0000*    1  1    324.2  1000.0    32.4     1.0 32420.3
     6     6           1.0000*    1      7     7           1.0000     1  1    350.2  1000.0    35.0     1.0 35018.9
     6     6           1.0000*    1     11     11          1.0000     1  1    728.8  1000.0    72.9     1.0 72878.3
     7     7           1.0000     1      8     8           1.0000*    1  1    104.6  1000.0    10.5     1.0 10459.9
     8     8           1.0000*    1      9     9           1.0000     1  1    122.5  1000.0    12.3     1.0 12254.8
     9     9           1.0000     1     39     39          1.0000*    1  1    169.5  1000.0    17.0     1.0 16952.5
    10     10          1.0000     1     11     11          1.0000*    1  1    683.2  1000.0    68.3     1.0 68317.1
    10     10          1.0000     1     13     13          1.0000*    1  1    154.7  1000.0    15.5     1.0 15468.7
    13     13          1.0000     1     14     14          1.0000*    1  1    148.6  1000.0    14.9     1.0 14858.9
    14     14          1.0000*    1     15     15          1.0000     1  1    515.6  1000.0    51.6     1.0 51561.6
    15     15          1.0000     1     16     16          1.0000*    1  1    802.0  1000.0    80.2     1.0 80199.5
    16     16          1.0000     1     17     17          1.0000*    1  1    679.9  1000.0    68.0     1.0 67985.9
    16     16          1.0000     1     19     19          1.0000*    1  1    498.5   500.0    99.7     1.0 49852.3
    16     16          1.0000*    1     21     21          1.0000     1  1    867.1   500.0   173.4     1.0 86713.6
    16     16          1.0000*    1     24     24          1.0000     1  1    504.4   500.0   100.9     1.0 50440.5
    17     17          1.0000     1     18     18          1.0000*    1  1    539.7   500.0   107.9     1.0 53969.0
    17     17          1.0000*    1     27     27          1.0000     1  1    158.9   500.0    31.8     1.0 15886.0
    21     21          1.0000     1     22     22          1.0000*    1  1   1145.5   500.0   229.1     1.0114548.5
    22     22          1.0000*    1     23     23          1.0000     1  1    601.9   500.0   120.4     1.0 60189.1
    23     23          1.0000     1     24     24          1.0000*    1  1    824.8   500.0   165.0     1.0 82479.5
    25     25          1.0000     1     26     26          1.0000*    1  1     84.3   500.0    16.9     1.0  8427.8
    26     26          1.0000     1     27     27          1.0000*    1  1    225.5   500.0    45.1     1.0 22552.3
    26     26          1.0000     1     28     28          1.0000*    1  1    147.6   500.0    29.5     1.0 14761.5
    26     26          1.0000     1     29     29          1.0000*    1  1    199.0   500.0    39.8     1.0 19897.4
    28     28          1.0000     1     29     29          1.0000*    1  1    350.1   500.0    70.0     1.0 35012.7
