Begin Report RATE_3
PSS(R)E Xplore-36.1.0 LIMIT CHECKING REPORT - BRANCH FLOWS          TUE, APR 29 2025  21:31
NEW ENGLAND TEST SYSTEM, 39 BUSES, 9 GENERATORS
CREATED BY PABLO LEDESMA PABLOLE@ING.UC3M.ES

SUBSYSTEM LOADING CHECK (INCLUDED: LINES; BREAKERS AND SWITCHES; TRANSFORMERS) (EXCLUDED: NONE)
MVA LOADINGS ABOVE 100.0 % OF BRANCH RATING:
LOADINGS ABOVE 100.0 % OF SWITCHING DEVICE RATING

X----------- FROM BUS ------------X X------------ TO BUS -------------X               RATING SET 1    RATING SET 3
  BUS#-SCT X-- NAME --X BASKV  AREA   BUS#-SCT X-- NAME --X BASKV  AREA CKT LOADING   RATE1 PERCENT   RATE3 PERCENT
     1     1           1.0000     1      2     2           1.0000*    1  1    228.7  1000.0    22.9     1.0 22868.9
     1     1           1.0000     1     39     39          1.0000*    1  1    233.6  1000.0    23.4     1.0 23363.2
     2     2           1.0000     1      3     3           1.0000*    1  1    376.4  1000.0    37.6     1.0 37638.3
     2     2           1.0000     1     25     25          1.0000*    1  1    361.9  1000.0    36.2     1.0 36190.3
     3     3           1.0000*    1      4     4           1.0000     1  1    405.2  1000.0    40.5     1.0 40520.9
     3     3           1.0000     1     18     18          1.0000*    1  1    396.0  1000.0    39.6     1.0 39600.2
     4     4           1.0000     1      5     5           1.0000*    1  1    367.4  1000.0    36.7     1.0 36736.1
     4     4           1.0000     1     14     14          1.0000*    1  1    415.8  1000.0    41.6     1.0 41580.2
     5     5           1.0000*    1      6     6           1.0000     1  1     69.5  1000.0     6.9     1.0  6946.7
     5     5           1.0000     1      8     8           1.0000*    1  1    323.7  1000.0    32.4     1.0 32366.7
     6     6           1.0000*    1      7     7           1.0000     1  1    349.3  1000.0    34.9     1.0 34929.7
     6     6           1.0000*    1     11     11          1.0000     1  1    726.2  1000.0    72.6     1.0 72619.5
     7     7           1.0000     1      8     8           1.0000*    1  1    103.5  1000.0    10.4     1.0 10353.3
     8     8           1.0000*    1      9     9           1.0000     1  1    124.1  1000.0    12.4     1.0 12405.4
     9     9           1.0000     1     39     39          1.0000*    1  1    166.7  1000.0    16.7     1.0 16672.7
    10     10          1.0000     1     11     11          1.0000*    1  1    681.6  1000.0    68.2     1.0 68157.4
    10     10          1.0000     1     13     13          1.0000*    1  1    153.9  1000.0    15.4     1.0 15393.1
    13     13          1.0000     1     14     14          1.0000*    1  1    147.4  1000.0    14.7     1.0 14740.1
    14     14          1.0000*    1     15     15          1.0000     1  1    514.1  1000.0    51.4     1.0 51406.0
    15     15          1.0000     1     16     16          1.0000*    1  1    801.8  1000.0    80.2     1.0 80178.2
    16     16          1.0000     1     17     17          1.0000*    1  1    679.9  1000.0    68.0     1.0 67992.2
    16     16          1.0000     1     19     19          1.0000*    1  1    499.4   500.0    99.9     1.0 49937.0
    16     16          1.0000*    1     21     21          1.0000     1  1    866.9   500.0   173.4     1.0 86688.4
    16     16          1.0000*    1     24     24          1.0000     1  1    504.2   500.0   100.8     1.0 50416.5
    17     17          1.0000     1     18     18          1.0000*    1  1    539.5   500.0   107.9     1.0 53946.4
    17     17          1.0000*    1     27     27          1.0000     1  1    159.5   500.0    31.9     1.0 15954.2
    21     21          1.0000     1     22     22          1.0000*    1  1   1145.7   500.0   229.1     1.0114571.9
    22     22          1.0000*    1     23     23          1.0000     1  1    602.0   500.0   120.4     1.0 60199.3
    23     23          1.0000     1     24     24          1.0000*    1  1    824.6   500.0   164.9     1.0 82455.2
    25     25          1.0000     1     26     26          1.0000*    1  1     84.6   500.0    16.9     1.0  8455.6
    26     26          1.0000     1     27     27          1.0000*    1  1    226.0   500.0    45.2     1.0 22600.6
    26     26          1.0000     1     28     28          1.0000*    1  1    147.5   500.0    29.5     1.0 14750.5
    26     26          1.0000     1     29     29          1.0000*    1  1    198.9   500.0    39.8     1.0 19886.1
    28     28          1.0000     1     29     29          1.0000*    1  1    350.1   500.0    70.0     1.0 35010.2
