Begin Report RATE_3
PSS(R)E Xplore-36.1.0 LIMIT CHECKING REPORT - BRANCH FLOWS          TUE, APR 29 2025  21:31
NEW ENGLAND TEST SYSTEM, 39 BUSES, 9 GENERATORS
CREATED BY PABLO LEDESMA PABLOLE@ING.UC3M.ES

SUBSYSTEM LOADING CHECK (INCLUDED: LINES; BREAKERS AND SWITCHES; TRANSFORMERS) (EXCLUDED: NONE)
MVA LOADINGS ABOVE 100.0 % OF BRANCH RATING:
LOADINGS ABOVE 100.0 % OF SWITCHING DEVICE RATING

X----------- FROM BUS ------------X X------------ TO BUS -------------X               RATING SET 1    RATING SET 3
  BUS#-SCT X-- NAME --X BASKV  AREA   BUS#-SCT X-- NAME --X BASKV  AREA CKT LOADING   RATE1 PERCENT   RATE3 PERCENT
     1     1           1.0000     1      2     2           1.0000*    1  1    229.7  1000.0    23.0     1.0 22973.6
     1     1           1.0000     1     39     39          1.0000*    1  1    235.0  1000.0    23.5     1.0 23500.3
     2     2           1.0000     1      3     3           1.0000*    1  1    375.0  1000.0    37.5     1.0 37501.9
     2     2           1.0000     1     25     25          1.0000*    1  1    363.2  1000.0    36.3     1.0 36320.2
     3     3           1.0000*    1      4     4           1.0000     1  1    409.7  1000.0    41.0     1.0 40965.2
     3     3           1.0000     1     18     18          1.0000*    1  1    398.6  1000.0    39.9     1.0 39856.3
     4     4           1.0000     1      5     5           1.0000*    1  1    372.1  1000.0    37.2     1.0 37211.2
     4     4           1.0000     1     14     14          1.0000*    1  1    417.7  1000.0    41.8     1.0 41774.8
     5     5           1.0000*    1      6     6           1.0000     1  1     68.4  1000.0     6.8     1.0  6840.4
     5     5           1.0000     1      8     8           1.0000*    1  1    323.9  1000.0    32.4     1.0 32389.4
     6     6           1.0000*    1      7     7           1.0000     1  1    348.2  1000.0    34.8     1.0 34820.8
     6     6           1.0000*    1     11     11          1.0000     1  1    731.0  1000.0    73.1     1.0 73095.0
     7     7           1.0000     1      8     8           1.0000*    1  1    102.5  1000.0    10.3     1.0 10253.5
     8     8           1.0000*    1      9     9           1.0000     1  1    124.8  1000.0    12.5     1.0 12483.5
     9     9           1.0000     1     39     39          1.0000*    1  1    168.3  1000.0    16.8     1.0 16833.2
    10     10          1.0000     1     11     11          1.0000*    1  1    686.0  1000.0    68.6     1.0 68597.8
    10     10          1.0000     1     13     13          1.0000*    1  1    151.5  1000.0    15.2     1.0 15154.8
    13     13          1.0000     1     14     14          1.0000*    1  1    146.6  1000.0    14.7     1.0 14655.5
    14     14          1.0000*    1     15     15          1.0000     1  1    518.7  1000.0    51.9     1.0 51867.1
    15     15          1.0000     1     16     16          1.0000*    1  1    809.2  1000.0    80.9     1.0 80924.9
    16     16          1.0000     1     17     17          1.0000*    1  1    682.8  1000.0    68.3     1.0 68284.6
    16     16          1.0000     1     19     19          1.0000*    1  1    495.1   500.0    99.0     1.0 49507.2
    16     16          1.0000*    1     21     21          1.0000     1  1    991.6   500.0   198.3     1.0 99160.1
    16     16          1.0000     1     24     24          1.0000*    1  1    393.6   500.0    78.7     1.0 39362.1
    17     17          1.0000*    1     18     18          1.0000     1  1    543.0   500.0   108.6     1.0 54301.9
    17     17          1.0000*    1     27     27          1.0000     1  1    158.1   500.0    31.6     1.0 15810.1
    21     21          1.0000     1     22     22          1.0000*    1  1   1255.7   500.0   251.1     1.0125569.5
    22     22          1.0000*    1     23     23          1.0000     1  1    414.5   500.0    82.9     1.0 41453.3
    23     23          1.0000*    1     24     24          1.0000     1  1    713.7   500.0   142.7     1.0 71374.6
    25     25          1.0000     1     26     26          1.0000*    1  1     83.3   500.0    16.7     1.0  8334.4
    26     26          1.0000     1     27     27          1.0000*    1  1    222.7   500.0    44.5     1.0 22270.9
    26     26          1.0000     1     28     28          1.0000*    1  1    147.8   500.0    29.6     1.0 14784.9
    26     26          1.0000     1     29     29          1.0000*    1  1    199.2   500.0    39.8     1.0 19921.4
    28     28          1.0000     1     29     29          1.0000*    1  1    350.2   500.0    70.0     1.0 35018.0
