Begin Report RATE_3
PSS(R)E Xplore-36.1.0 LIMIT CHECKING REPORT - BRANCH FLOWS          TUE, APR 29 2025  21:31
NEW ENGLAND TEST SYSTEM, 39 BUSES, 9 GENERATORS
CREATED BY PABLO LEDESMA PABLOLE@ING.UC3M.ES

SUBSYSTEM LOADING CHECK (INCLUDED: LINES; BREAKERS AND SWITCHES; TRANSFORMERS) (EXCLUDED: NONE)
MVA LOADINGS ABOVE 100.0 % OF BRANCH RATING:
LOADINGS ABOVE 100.0 % OF SWITCHING DEVICE RATING

X----------- FROM BUS ------------X X------------ TO BUS -------------X               RATING SET 1    RATING SET 3
  BUS#-SCT X-- NAME --X BASKV  AREA   BUS#-SCT X-- NAME --X BASKV  AREA CKT LOADING   RATE1 PERCENT   RATE3 PERCENT
     1     1           1.0000     1      2     2           1.0000*    1  1    265.5  1000.0    26.5     1.0 26549.3
     1     1           1.0000     1     39     39          1.0000*    1  1    265.8  1000.0    26.6     1.0 26575.8
     2     2           1.0000     1      3     3           1.0000*    1  1    354.4  1000.0    35.4     1.0 35439.3
     2     2           1.0000     1     25     25          1.0000*    1  1    368.9  1000.0    36.9     1.0 36892.1
     3     3           1.0000*    1      4     4           1.0000     1  1    381.7  1000.0    38.2     1.0 38171.6
     3     3           1.0000     1     18     18          1.0000*    1  1    400.4  1000.0    40.0     1.0 40040.0
     4     4           1.0000*    1      5     5           1.0000     1  1    350.2  1000.0    35.0     1.0 35020.4
     4     4           1.0000     1     14     14          1.0000*    1  1    435.1  1000.0    43.5     1.0 43507.8
     5     5           1.0000     1      6     6           1.0000*    1  1    496.7  1000.0    49.7     1.0 49671.0
     5     5           1.0000*    1      8     8           1.0000     1  1    808.1  1000.0    80.8     1.0 80808.5
     6     6           1.0000*    1      7     7           1.0000     1  1    833.1  1000.0    83.3     1.0 83309.1
     6     6           1.0000*    1     11     11          1.0000     1  1    681.2  1000.0    68.1     1.0 68123.8
     7     7           1.0000*    1      8     8           1.0000     1  1    579.5  1000.0    58.0     1.0 57954.0
     8     8           1.0000*    1      9     9           1.0000     1  1    166.6  1000.0    16.7     1.0 16662.9
     9     9           1.0000     1     39     39          1.0000*    1  1    176.9  1000.0    17.7     1.0 17694.0
    10     10          1.0000*    1     11     11          1.0000     1  1    644.1  1000.0    64.4     1.0 64413.6
    10     10          1.0000     1     13     13          1.0000*    1  1    149.3  1000.0    14.9     1.0 14933.6
    13     13          1.0000     1     14     14          1.0000*    1  1    131.8  1000.0    13.2     1.0 13176.5
    14     14          1.0000*    1     15     15          1.0000     1  1    493.3  1000.0    49.3     1.0 49333.6
    15     15          1.0000     1     16     16          1.0000*    1  1    786.5  1000.0    78.6     1.0 78645.3
    16     16          1.0000     1     17     17          1.0000*    1  1    694.0  1000.0    69.4     1.0 69396.1
    16     16          1.0000     1     19     19          1.0000*    1  1    503.0   500.0   100.6     1.0 50295.5
    16     16          1.0000*    1     21     21          1.0000     1  1    865.8   500.0   173.2     1.0 86584.2
    16     16          1.0000*    1     24     24          1.0000     1  1    503.2   500.0   100.6     1.0 50317.3
    17     17          1.0000     1     18     18          1.0000*    1  1    544.9   500.0   109.0     1.0 54488.0
    17     17          1.0000*    1     27     27          1.0000     1  1    168.7   500.0    33.7     1.0 16870.2
    21     21          1.0000     1     22     22          1.0000*    1  1   1146.7   500.0   229.3     1.0114669.6
    22     22          1.0000*    1     23     23          1.0000     1  1    602.4   500.0   120.5     1.0 60240.5
    23     23          1.0000     1     24     24          1.0000*    1  1    823.5   500.0   164.7     1.0 82353.9
    25     25          1.0000     1     26     26          1.0000*    1  1     89.2   500.0    17.8     1.0  8922.6
    26     26          1.0000     1     27     27          1.0000*    1  1    223.3   500.0    44.7     1.0 22326.3
    26     26          1.0000     1     28     28          1.0000*    1  1    147.0   500.0    29.4     1.0 14704.4
    26     26          1.0000     1     29     29          1.0000*    1  1    198.4   500.0    39.7     1.0 19838.2
    28     28          1.0000     1     29     29          1.0000*    1  1    350.0   500.0    70.0     1.0 35000.2
