Begin Report RATE_3
PSS(R)E Xplore-36.1.0 LIMIT CHECKING REPORT - BRANCH FLOWS          TUE, APR 29 2025  21:31
NEW ENGLAND TEST SYSTEM, 39 BUSES, 9 GENERATORS
CREATED BY PABLO LEDESMA PABLOLE@ING.UC3M.ES

SUBSYSTEM LOADING CHECK (INCLUDED: LINES; BREAKERS AND SWITCHES; TRANSFORMERS) (EXCLUDED: NONE)
MVA LOADINGS ABOVE 100.0 % OF BRANCH RATING:
LOADINGS ABOVE 100.0 % OF SWITCHING DEVICE RATING

X----------- FROM BUS ------------X X------------ TO BUS -------------X               RATING SET 1    RATING SET 3
  BUS#-SCT X-- NAME --X BASKV  AREA   BUS#-SCT X-- NAME --X BASKV  AREA CKT LOADING   RATE1 PERCENT   RATE3 PERCENT
     1     1           1.0000     1      2     2           1.0000*    1  1    307.6  1000.0    30.8     1.0 30762.4
     1     1           1.0000*    1     39     39          1.0000     1  1    297.2  1000.0    29.7     1.0 29720.1
     2     2           1.0000*    1      3     3           1.0000     1  1    568.6  1000.0    56.9     1.0 56863.1
     2     2           1.0000     1     25     25          1.0000*    1  1    723.4  1000.0    72.3     1.0 72343.6
     3     3           1.0000     1      4     4           1.0000*    1  1    468.1  1000.0    46.8     1.0 46805.5
     3     3           1.0000     1     18     18          1.0000*    1  1    241.5  1000.0    24.1     1.0 24149.2
     4     4           1.0000*    1      5     5           1.0000     1  1    321.3  1000.0    32.1     1.0 32133.0
     4     4           1.0000     1     14     14          1.0000*    1  1    313.5  1000.0    31.4     1.0 31353.6
     5     5           1.0000     1      6     6           1.0000*    1  1    513.6  1000.0    51.4     1.0 51363.8
     5     5           1.0000*    1      8     8           1.0000     1  1    787.2  1000.0    78.7     1.0 78716.8
     6     6           1.0000*    1      7     7           1.0000     1  1    819.5  1000.0    81.9     1.0 81946.4
     6     6           1.0000*    1     11     11          1.0000     1  1    598.9  1000.0    59.9     1.0 59888.3
     7     7           1.0000*    1      8     8           1.0000     1  1    565.7  1000.0    56.6     1.0 56572.6
     8     8           1.0000*    1      9     9           1.0000     1  1    196.5  1000.0    19.6     1.0 19646.3
     9     9           1.0000     1     39     39          1.0000*    1  1    209.8  1000.0    21.0     1.0 20980.7
    10     10          1.0000*    1     11     11          1.0000     1  1    571.2  1000.0    57.1     1.0 57115.5
    10     10          1.0000     1     13     13          1.0000*    1  1    140.2  1000.0    14.0     1.0 14024.0
    13     13          1.0000     1     14     14          1.0000*    1  1    107.6  1000.0    10.8     1.0 10763.4
    14     14          1.0000     1     15     15          1.0000*    1  1    284.6  1000.0    28.5     1.0 28462.3
    15     15          1.0000     1     16     16          1.0000*    1  1    586.3  1000.0    58.6     1.0 58632.9
    16     16          1.0000     1     17     17          1.0000*    1  1    233.1  1000.0    23.3     1.0 23306.0
    16     16          1.0000     1     19     19          1.0000*    1  1    474.1   500.0    94.8     1.0 47406.7
    16     16          1.0000*    1     21     21          1.0000     1  1    331.2   500.0    66.2     1.0 33122.9
    16     16          1.0000*    1     24     24          1.0000     1  1    136.5   500.0    27.3     1.0 13648.5
    17     17          1.0000*    1     18     18          1.0000     1  1    386.1   500.0    77.2     1.0 38608.8
    17     17          1.0000*    1     27     27          1.0000     1  1    549.3   500.0   109.9     1.0 54925.2
    21     21          1.0000     1     22     22          1.0000*    1  1    628.7   500.0   125.7     1.0 62869.1
    22     22          1.0000     1     23     23          1.0000*    1  1     77.3   500.0    15.5     1.0  7731.7
    23     23          1.0000*    1     24     24          1.0000     1  1    355.6   500.0    71.1     1.0 35562.7
    25     25          1.0000*    1     26     26          1.0000     1  1    465.1   500.0    93.0     1.0 46509.0
    26     26          1.0000     1     27     27          1.0000*    1  1    777.8   500.0   155.6     1.0 77784.6
    26     26          1.0000*    1     28     28          1.0000     1  1    628.8   500.0   125.8     1.0 62881.8
    26     26          1.0000     1     29     29          1.0000*    1  1    679.4   500.0   135.9     1.0 67937.6
    28     28          1.0000     1     29     29          1.0000*    1  1    842.6   500.0   168.5     1.0 84259.6
