Begin Report RATE_3
PSS(R)E Xplore-36.1.0 LIMIT CHECKING REPORT - BRANCH FLOWS          TUE, APR 29 2025  21:31
NEW ENGLAND TEST SYSTEM, 39 BUSES, 9 GENERATORS
CREATED BY PABLO LEDESMA PABLOLE@ING.UC3M.ES

SUBSYSTEM LOADING CHECK (INCLUDED: LINES; BREAKERS AND SWITCHES; TRANSFORMERS) (EXCLUDED: NONE)
MVA LOADINGS ABOVE 100.0 % OF BRANCH RATING:
LOADINGS ABOVE 100.0 % OF SWITCHING DEVICE RATING

X----------- FROM BUS ------------X X------------ TO BUS -------------X               RATING SET 1    RATING SET 3
  BUS#-SCT X-- NAME --X BASKV  AREA   BUS#-SCT X-- NAME --X BASKV  AREA CKT LOADING   RATE1 PERCENT   RATE3 PERCENT
     1     1           1.0000     1      2     2           1.0000*    1  1    773.0  1000.0    77.3     1.0 77305.0
     1     1           1.0000*    1     39     39          1.0000     1  1    269.4  1000.0    26.9     1.0 26935.1
     2     2           1.0000     1      3     3           1.0000*    1  1    129.9  1000.0    13.0     1.0 12989.2
     2     2           1.0000     1     25     25          1.0000*    1  1    463.3  1000.0    46.3     1.0 46334.4
     3     3           1.0000*    1      4     4           1.0000     1  1     51.2  1000.0     5.1     1.0  5120.6
     3     3           1.0000     1     18     18          1.0000*    1  1    450.4  1000.0    45.0     1.0 45040.3
     4     4           1.0000*    1      5     5           1.0000     1  1    180.9  1000.0    18.1     1.0 18089.3
     4     4           1.0000*    1     14     14          1.0000     1  1    450.5  1000.0    45.0     1.0 45047.9
     5     5           1.0000     1      6     6           1.0000*    1  1    556.7  1000.0    55.7     1.0 55666.8
     5     5           1.0000*    1      8     8           1.0000     1  1    529.3  1000.0    52.9     1.0 52933.7
     6     6           1.0000*    1      7     7           1.0000     1  1    617.2  1000.0    61.7     1.0 61720.6
     6     6           1.0000*    1     11     11          1.0000     1  1    523.8  1000.0    52.4     1.0 52378.9
     7     7           1.0000*    1      8     8           1.0000     1  1    367.0  1000.0    36.7     1.0 36701.4
     8     8           1.0000*    1      9     9           1.0000     1  1    359.9  1000.0    36.0     1.0 35990.0
     9     9           1.0000     1     39     39          1.0000*    1  1    358.5  1000.0    35.8     1.0 35849.9
    10     10          1.0000*    1     11     11          1.0000     1  1    498.1  1000.0    49.8     1.0 49805.3
    10     10          1.0000     1     13     13          1.0000*    1  1    209.9  1000.0    21.0     1.0 20985.1
    13     13          1.0000     1     14     14          1.0000*    1  1    181.9  1000.0    18.2     1.0 18191.6
    14     14          1.0000     1     15     15          1.0000*    1  1    359.1  1000.0    35.9     1.0 35909.1
    15     15          1.0000     1     16     16          1.0000*    1  1    630.5  1000.0    63.0     1.0 63047.0
    16     16          1.0000     1     17     17          1.0000*    1  1    841.7  1000.0    84.2     1.0 84170.5
    16     16          1.0000     1     19     19          1.0000*    1  1    499.7   500.0    99.9     1.0 49969.5
    16     16          1.0000*    1     21     21          1.0000     1  1    866.8   500.0   173.4     1.0 86678.4
    16     16          1.0000*    1     24     24          1.0000     1  1    504.1   500.0   100.8     1.0 50407.1
    17     17          1.0000     1     18     18          1.0000*    1  1    596.4   500.0   119.3     1.0 59642.5
    17     17          1.0000*    1     27     27          1.0000     1  1    253.6   500.0    50.7     1.0 25355.6
    21     21          1.0000     1     22     22          1.0000*    1  1   1145.8   500.0   229.2     1.0114580.5
    22     22          1.0000*    1     23     23          1.0000     1  1    602.0   500.0   120.4     1.0 60202.9
    23     23          1.0000     1     24     24          1.0000*    1  1    824.5   500.0   164.9     1.0 82445.6
    25     25          1.0000     1     26     26          1.0000*    1  1    159.8   500.0    32.0     1.0 15976.5
    26     26          1.0000     1     27     27          1.0000*    1  1    174.3   500.0    34.9     1.0 17429.2
    26     26          1.0000     1     28     28          1.0000*    1  1    146.6   500.0    29.3     1.0 14661.6
    26     26          1.0000     1     29     29          1.0000*    1  1    197.9   500.0    39.6     1.0 19793.3
    28     28          1.0000     1     29     29          1.0000*    1  1    349.9   500.0    70.0     1.0 34991.5
