Begin Report RATE_3
PSS(R)E Xplore-36.1.0 LIMIT CHECKING REPORT - BRANCH FLOWS          TUE, APR 29 2025  21:31
NEW ENGLAND TEST SYSTEM, 39 BUSES, 9 GENERATORS
CREATED BY PABLO LEDESMA PABLOLE@ING.UC3M.ES

SUBSYSTEM LOADING CHECK (INCLUDED: LINES; BREAKERS AND SWITCHES; TRANSFORMERS) (EXCLUDED: NONE)
MVA LOADINGS ABOVE 100.0 % OF BRANCH RATING:
LOADINGS ABOVE 100.0 % OF SWITCHING DEVICE RATING

X----------- FROM BUS ------------X X------------ TO BUS -------------X               RATING SET 1    RATING SET 3
  BUS#-SCT X-- NAME --X BASKV  AREA   BUS#-SCT X-- NAME --X BASKV  AREA CKT LOADING   RATE1 PERCENT   RATE3 PERCENT
     1     1           1.0000     1      2     2           1.0000*    1  1    802.6  1000.0    80.3     1.0 80255.3
     1     1           1.0000*    1     39     39          1.0000     1  1    265.8  1000.0    26.6     1.0 26582.7
     2     2           1.0000*    1      3     3           1.0000     1  1    153.3  1000.0    15.3     1.0 15328.0
     2     2           1.0000     1     25     25          1.0000*    1  1    804.2  1000.0    80.4     1.0 80422.4
     3     3           1.0000*    1      4     4           1.0000     1  1    152.1  1000.0    15.2     1.0 15211.5
     3     3           1.0000     1     18     18          1.0000*    1  1    300.0  1000.0    30.0     1.0 30004.7
     4     4           1.0000*    1      5     5           1.0000     1  1    189.5  1000.0    19.0     1.0 18953.0
     4     4           1.0000     1     14     14          1.0000*    1  1    326.4  1000.0    32.6     1.0 32641.2
     5     5           1.0000     1      6     6           1.0000*    1  1    570.1  1000.0    57.0     1.0 57011.7
     5     5           1.0000*    1      8     8           1.0000     1  1    512.2  1000.0    51.2     1.0 51216.6
     6     6           1.0000*    1      7     7           1.0000     1  1    605.7  1000.0    60.6     1.0 60566.4
     6     6           1.0000     1     11     11          1.0000*    1  1    444.6  1000.0    44.5     1.0 44458.4
     7     7           1.0000*    1      8     8           1.0000     1  1    355.6  1000.0    35.6     1.0 35561.5
     8     8           1.0000*    1      9     9           1.0000     1  1    331.1  1000.0    33.1     1.0 33108.9
     9     9           1.0000     1     39     39          1.0000*    1  1    333.6  1000.0    33.4     1.0 33356.9
    10     10          1.0000*    1     11     11          1.0000     1  1    426.2  1000.0    42.6     1.0 42615.4
    10     10          1.0000     1     13     13          1.0000*    1  1    251.9  1000.0    25.2     1.0 25189.2
    13     13          1.0000     1     14     14          1.0000*    1  1    231.1  1000.0    23.1     1.0 23114.5
    14     14          1.0000     1     15     15          1.0000*    1  1    161.0  1000.0    16.1     1.0 16102.3
    15     15          1.0000     1     16     16          1.0000*    1  1    430.3  1000.0    43.0     1.0 43031.3
    16     16          1.0000     1     17     17          1.0000*    1  1    212.7  1000.0    21.3     1.0 21266.5
    16     16          1.0000     1     19     19          1.0000*    1  1    469.5   500.0    93.9     1.0 46951.0
    16     16          1.0000     1     21     21          1.0000*    1  1    330.5   500.0    66.1     1.0 33047.2
    16     16          1.0000*    1     24     24          1.0000     1  1    129.8   500.0    26.0     1.0 12976.7
    17     17          1.0000*    1     18     18          1.0000     1  1    447.9   500.0    89.6     1.0 44792.6
    17     17          1.0000*    1     27     27          1.0000     1  1    463.3   500.0    92.7     1.0 46334.6
    21     21          1.0000     1     22     22          1.0000*    1  1    625.6   500.0   125.1     1.0 62564.1
    22     22          1.0000     1     23     23          1.0000*    1  1     76.8   500.0    15.4     1.0  7682.5
    23     23          1.0000*    1     24     24          1.0000     1  1    354.9   500.0    71.0     1.0 35492.0
    25     25          1.0000*    1     26     26          1.0000     1  1    537.9   500.0   107.6     1.0 53794.7
    26     26          1.0000     1     27     27          1.0000*    1  1    687.8   500.0   137.6     1.0 68780.5
    26     26          1.0000*    1     28     28          1.0000     1  1    629.4   500.0   125.9     1.0 62936.8
    26     26          1.0000     1     29     29          1.0000*    1  1    679.3   500.0   135.9     1.0 67925.2
    28     28          1.0000     1     29     29          1.0000*    1  1    842.3   500.0   168.5     1.0 84227.7
