Begin Report RATE_3
PSS(R)E Xplore-36.1.0 LIMIT CHECKING REPORT - BRANCH FLOWS          TUE, APR 29 2025  21:35
NEW ENGLAND TEST SYSTEM, 39 BUSES, 9 GENERATORS
CREATED BY PABLO LEDESMA PABLOLE@ING.UC3M.ES

SUBSYSTEM LOADING CHECK (INCLUDED: LINES; BREAKERS AND SWITCHES; TRANSFORMERS) (EXCLUDED: NONE)
MVA LOADINGS ABOVE 100.0 % OF BRANCH RATING:
LOADINGS ABOVE 100.0 % OF SWITCHING DEVICE RATING

X----------- FROM BUS ------------X X------------ TO BUS -------------X               RATING SET 1    RATING SET 3
  BUS#-SCT X-- NAME --X BASKV  AREA   BUS#-SCT X-- NAME --X BASKV  AREA CKT LOADING   RATE1 PERCENT   RATE3 PERCENT
     1     1           1.0000*    1      2     2           1.0000     1  1     49.5  1000.0     4.9     1.0  4949.7
     1     1           1.0000     1     39     39          1.0000*    1  1    127.1  1000.0    12.7     1.0 12709.1
     2     2           1.0000     1      3     3           1.0000*    1  1    264.5  1000.0    26.5     1.0 26453.6
     2     2           1.0000*    1     25     25          1.0000     1  1    427.0  1000.0    42.7     1.0 42702.6
     3     3           1.0000*    1      4     4           1.0000     1  1    131.8  1000.0    13.2     1.0 13177.1
     3     3           1.0000     1     18     18          1.0000*    1  1    431.1  1000.0    43.1     1.0 43108.7
     4     4           1.0000*    1      5     5           1.0000     1  1    254.6  1000.0    25.5     1.0 25456.4
     4     4           1.0000*    1     14     14          1.0000     1  1    444.6  1000.0    44.5     1.0 44463.2
     5     5           1.0000     1      6     6           1.0000*    1  1    564.2  1000.0    56.4     1.0 56415.0
     5     5           1.0000*    1      8     8           1.0000     1  1    379.5  1000.0    38.0     1.0 37953.8
     6     6           1.0000*    1      7     7           1.0000     1  1    495.4  1000.0    49.5     1.0 49543.1
     6     6           1.0000     1     11     11          1.0000*    1  1    450.2  1000.0    45.0     1.0 45015.8
     7     7           1.0000     1      8     8           1.0000*    1  1    247.4  1000.0    24.7     1.0 24743.9
     8     8           1.0000*    1      9     9           1.0000     1  1     95.4  1000.0     9.5     1.0  9535.5
     9     9           1.0000     1     39     39          1.0000*    1  1    155.0  1000.0    15.5     1.0 15497.8
    10     10          1.0000*    1     11     11          1.0000     1  1    427.7  1000.0    42.8     1.0 42766.7
    10     10          1.0000     1     13     13          1.0000*    1  1    265.6  1000.0    26.6     1.0 26558.1
    13     13          1.0000     1     14     14          1.0000*    1  1    245.0  1000.0    24.5     1.0 24499.0
    14     14          1.0000     1     15     15          1.0000*    1  1    290.1  1000.0    29.0     1.0 29007.8
    15     15          1.0000     1     16     16          1.0000*    1  1    536.1  1000.0    53.6     1.0 53609.2
    16     16          1.0000     1     17     17          1.0000*    1  1    938.2  1000.0    93.8     1.0 93822.9
    16     16          1.0000     1     19     19          1.0000*    1  1    493.8   500.0    98.8     1.0 49378.5
    16     16          1.0000*    1     21     21          1.0000     1  1    868.6   500.0   173.7     1.0 86864.0
    16     16          1.0000*    1     24     24          1.0000     1  1    505.8   500.0   101.2     1.0 50582.0
    17     17          1.0000     1     18     18          1.0000*    1  1    567.7   500.0   113.5     1.0 56770.2
    17     17          1.0000*    1     27     27          1.0000     1  1    372.2   500.0    74.4     1.0 37224.6
    21     21          1.0000     1     22     22          1.0000*    1  1   1144.2   500.0   228.8     1.0114418.9
    22     22          1.0000*    1     23     23          1.0000     1  1    601.3   500.0   120.3     1.0 60131.9
    23     23          1.0000     1     24     24          1.0000*    1  1    826.2   500.0   165.2     1.0 82622.4
    25     25          1.0000     1     26     26          1.0000*    1  1    276.9   500.0    55.4     1.0 27688.1
    26     26          1.0000     1     27     27          1.0000*    1  1    164.3   500.0    32.9     1.0 16432.5
    26     26          1.0000*    1     28     28          1.0000     1  1    148.0   500.0    29.6     1.0 14795.6
    26     26          1.0000     1     29     29          1.0000*    1  1    196.1   500.0    39.2     1.0 19606.5
    28     28          1.0000     1     29     29          1.0000*    1  1    349.6   500.0    69.9     1.0 34962.5
