Begin Report RATE_3
PSS(R)E Xplore-36.1.0 LIMIT CHECKING REPORT - BRANCH FLOWS          TUE, APR 29 2025  21:31
NEW ENGLAND TEST SYSTEM, 39 BUSES, 9 GENERATORS
CREATED BY PABLO LEDESMA PABLOLE@ING.UC3M.ES

SUBSYSTEM LOADING CHECK (INCLUDED: LINES; BREAKERS AND SWITCHES; TRANSFORMERS) (EXCLUDED: NONE)
MVA LOADINGS ABOVE 100.0 % OF BRANCH RATING:
LOADINGS ABOVE 100.0 % OF SWITCHING DEVICE RATING

X----------- FROM BUS ------------X X------------ TO BUS -------------X               RATING SET 1    RATING SET 3
  BUS#-SCT X-- NAME --X BASKV  AREA   BUS#-SCT X-- NAME --X BASKV  AREA CKT LOADING   RATE1 PERCENT   RATE3 PERCENT
     1     1           1.0000     1      2     2           1.0000*    1  1    179.8  1000.0    18.0     1.0 17981.6
     1     1           1.0000     1     39     39          1.0000*    1  1    189.4  1000.0    18.9     1.0 18941.3
     2     2           1.0000*    1      3     3           1.0000     1  1    429.3  1000.0    42.9     1.0 42925.4
     2     2           1.0000     1     25     25          1.0000*    1  1    359.6  1000.0    36.0     1.0 35962.2
     3     3           1.0000*    1      4     4           1.0000     1  1    484.6  1000.0    48.5     1.0 48461.0
     3     3           1.0000     1     18     18          1.0000*    1  1    420.3  1000.0    42.0     1.0 42033.7
     4     4           1.0000     1      5     5           1.0000*    1  1    423.1  1000.0    42.3     1.0 42310.8
     4     4           1.0000*    1     14     14          1.0000     1  1    659.5  1000.0    65.9     1.0 65945.3
     5     5           1.0000     1      6     6           1.0000*    1  1    645.2  1000.0    64.5     1.0 64520.4
     5     5           1.0000     1      8     8           1.0000*    1  1    287.2  1000.0    28.7     1.0 28718.5
     6     6           1.0000*    1      7     7           1.0000     1  1    435.3  1000.0    43.5     1.0 43530.2
     6     6           1.0000     1     11     11          1.0000*    1  1    471.0  1000.0    47.1     1.0 47101.5
     7     7           1.0000     1      8     8           1.0000*    1  1    187.7  1000.0    18.8     1.0 18771.6
     8     8           1.0000*    1      9     9           1.0000     1  1     81.0  1000.0     8.1     1.0  8095.8
     9     9           1.0000     1     39     39          1.0000*    1  1    136.5  1000.0    13.6     1.0 13646.9
    10     10          1.0000*    1     11     11          1.0000     1  1    447.0  1000.0    44.7     1.0 44704.1
    10     10          1.0000     1     13     13          1.0000*    1  1    267.7  1000.0    26.8     1.0 26770.8
    13     13          1.0000     1     14     14          1.0000*    1  1    243.8  1000.0    24.4     1.0 24378.9
    14     14          1.0000*    1     15     15          1.0000     1  1    491.4  1000.0    49.1     1.0 49136.0
    15     15          1.0000     1     16     16          1.0000*    1  1    785.5  1000.0    78.6     1.0 78555.0
    16     16          1.0000     1     17     17          1.0000*    1  1    703.9  1000.0    70.4     1.0 70388.0
    16     16          1.0000     1     19     19          1.0000*    1  1    498.4   500.0    99.7     1.0 49838.3
    16     16          1.0000*    1     21     21          1.0000     1  1    990.1   500.0   198.0     1.0 99011.0
    16     16          1.0000     1     24     24          1.0000*    1  1    393.5   500.0    78.7     1.0 39350.4
    17     17          1.0000*    1     18     18          1.0000     1  1    566.7   500.0   113.3     1.0 56666.4
    17     17          1.0000*    1     27     27          1.0000     1  1    159.2   500.0    31.8     1.0 15916.9
    21     21          1.0000     1     22     22          1.0000*    1  1   1256.3   500.0   251.3     1.0125632.9
    22     22          1.0000*    1     23     23          1.0000     1  1    414.5   500.0    82.9     1.0 41454.7
    23     23          1.0000*    1     24     24          1.0000     1  1    714.0   500.0   142.8     1.0 71401.3
    25     25          1.0000     1     26     26          1.0000*    1  1     83.5   500.0    16.7     1.0  8352.8
    26     26          1.0000     1     27     27          1.0000*    1  1    226.9   500.0    45.4     1.0 22687.8
    26     26          1.0000     1     28     28          1.0000*    1  1    147.3   500.0    29.5     1.0 14730.9
    26     26          1.0000     1     29     29          1.0000*    1  1    198.7   500.0    39.7     1.0 19865.8
    28     28          1.0000     1     29     29          1.0000*    1  1    350.1   500.0    70.0     1.0 35005.9
