Begin Report RATE_3
PSS(R)E Xplore-36.1.0 LIMIT CHECKING REPORT - BRANCH FLOWS          TUE, APR 29 2025  21:33
NEW ENGLAND TEST SYSTEM, 39 BUSES, 9 GENERATORS
CREATED BY PABLO LEDESMA PABLOLE@ING.UC3M.ES

SUBSYSTEM LOADING CHECK (INCLUDED: LINES; BREAKERS AND SWITCHES; TRANSFORMERS) (EXCLUDED: NONE)
MVA LOADINGS ABOVE 100.0 % OF BRANCH RATING:
LOADINGS ABOVE 100.0 % OF SWITCHING DEVICE RATING

X----------- FROM BUS ------------X X------------ TO BUS -------------X               RATING SET 1    RATING SET 3
  BUS#-SCT X-- NAME --X BASKV  AREA   BUS#-SCT X-- NAME --X BASKV  AREA CKT LOADING   RATE1 PERCENT   RATE3 PERCENT
     1     1           1.0000     1      2     2           1.0000*    1  1    218.1  1000.0    21.8     1.0 21813.2
     1     1           1.0000     1     39     39          1.0000*    1  1    210.7  1000.0    21.1     1.0 21067.5
     2     2           1.0000*    1      3     3           1.0000     1  1   1003.2  1000.0   100.3     1.0100320.4
     2     2           1.0000*    1     25     25          1.0000     1  1     84.3  1000.0     8.4     1.0  8427.3
     3     3           1.0000*    1      4     4           1.0000     1  1    200.4  1000.0    20.0     1.0 20035.3
     3     3           1.0000*    1     18     18          1.0000     1  1    500.4  1000.0    50.0     1.0 50043.8
     4     4           1.0000*    1      5     5           1.0000     1  1    259.7  1000.0    26.0     1.0 25970.1
     4     4           1.0000     1     14     14          1.0000*    1  1    136.9  1000.0    13.7     1.0 13690.1
     5     5           1.0000     1      6     6           1.0000*    1  1    470.7  1000.0    47.1     1.0 47071.2
     5     5           1.0000     1      8     8           1.0000*    1  1    293.6  1000.0    29.4     1.0 29358.4
     6     6           1.0000*    1      7     7           1.0000     1  1    405.8  1000.0    40.6     1.0 40584.1
     6     6           1.0000     1     11     11          1.0000*    1  1    313.3  1000.0    31.3     1.0 31330.3
     7     7           1.0000     1      8     8           1.0000*    1  1    158.7  1000.0    15.9     1.0 15867.6
     8     8           1.0000     1      9     9           1.0000*    1  1    101.8  1000.0    10.2     1.0 10184.2
     9     9           1.0000     1     39     39          1.0000*    1  1    178.2  1000.0    17.8     1.0 17823.3
    10     10          1.0000*    1     11     11          1.0000     1  1    299.8  1000.0    30.0     1.0 29980.7
    10     10          1.0000*    1     13     13          1.0000     1  1    375.1  1000.0    37.5     1.0 37510.3
    13     13          1.0000*    1     14     14          1.0000     1  1    370.4  1000.0    37.0     1.0 37039.9
    14     14          1.0000     1     15     15          1.0000*    1  1    244.2  1000.0    24.4     1.0 24421.2
    15     15          1.0000*    1     16     16          1.0000     1  1    115.4  1000.0    11.5     1.0 11535.5
    16     16          1.0000*    1     17     17          1.0000     1  1    411.2  1000.0    41.1     1.0 41124.7
    16     16          1.0000     1     19     19          1.0000*    1  1    459.8   500.0    92.0     1.0 45984.5
    16     16          1.0000     1     21     21          1.0000*    1  1    331.0   500.0    66.2     1.0 33098.2
    16     16          1.0000*    1     24     24          1.0000     1  1    110.9   500.0    22.2     1.0 11088.1
    17     17          1.0000     1     18     18          1.0000*    1  1    343.5   500.0    68.7     1.0 34345.8
    17     17          1.0000     1     27     27          1.0000*    1  1    262.8   500.0    52.6     1.0 26280.9
    21     21          1.0000     1     22     22          1.0000*    1  1    618.3   500.0   123.7     1.0 61828.8
    22     22          1.0000     1     23     23          1.0000*    1  1     75.4   500.0    15.1     1.0  7544.7
    23     23          1.0000*    1     24     24          1.0000     1  1    353.9   500.0    70.8     1.0 35388.0
    25     25          1.0000*    1     26     26          1.0000     1  1    358.2   500.0    71.6     1.0 35818.2
    26     26          1.0000*    1     27     27          1.0000     1  1    545.0   500.0   109.0     1.0 54503.6
    26     26          1.0000*    1     28     28          1.0000     1  1    147.6   500.0    29.5     1.0 14764.9
    26     26          1.0000     1     29     29          1.0000*    1  1    196.3   500.0    39.3     1.0 19632.6
    28     28          1.0000     1     29     29          1.0000*    1  1    349.7   500.0    69.9     1.0 34965.7
