Begin Report RATE_3
PSS(R)E Xplore-36.1.0 LIMIT CHECKING REPORT - BRANCH FLOWS          TUE, APR 29 2025  21:35
NEW ENGLAND TEST SYSTEM, 39 BUSES, 9 GENERATORS
CREATED BY PABLO LEDESMA PABLOLE@ING.UC3M.ES

SUBSYSTEM LOADING CHECK (INCLUDED: LINES; BREAKERS AND SWITCHES; TRANSFORMERS) (EXCLUDED: NONE)
MVA LOADINGS ABOVE 100.0 % OF BRANCH RATING:
LOADINGS ABOVE 100.0 % OF SWITCHING DEVICE RATING

X----------- FROM BUS ------------X X------------ TO BUS -------------X               RATING SET 1    RATING SET 3
  BUS#-SCT X-- NAME --X BASKV  AREA   BUS#-SCT X-- NAME --X BASKV  AREA CKT LOADING   RATE1 PERCENT   RATE3 PERCENT
     1     1           1.0000     1      2     2           1.0000*    1  1     67.2  1000.0     6.7     1.0  6723.6
     1     1           1.0000     1     39     39          1.0000*    1  1    126.8  1000.0    12.7     1.0 12678.3
     2     2           1.0000     1      3     3           1.0000*    1  1    168.8  1000.0    16.9     1.0 16880.8
     2     2           1.0000     1     25     25          1.0000*    1  1    129.2  1000.0    12.9     1.0 12919.4
     3     3           1.0000*    1      4     4           1.0000     1  1     92.1  1000.0     9.2     1.0  9205.0
     3     3           1.0000     1     18     18          1.0000*    1  1    247.4  1000.0    24.7     1.0 24735.6
     4     4           1.0000*    1      5     5           1.0000     1  1    264.1  1000.0    26.4     1.0 26411.3
     4     4           1.0000     1     14     14          1.0000*    1  1    393.2  1000.0    39.3     1.0 39318.0
     5     5           1.0000     1      6     6           1.0000*    1  1    552.4  1000.0    55.2     1.0 55242.1
     5     5           1.0000*    1      8     8           1.0000     1  1    360.2  1000.0    36.0     1.0 36022.3
     6     6           1.0000*    1      7     7           1.0000     1  1    477.7  1000.0    47.8     1.0 47769.0
     6     6           1.0000     1     11     11          1.0000*    1  1    424.2  1000.0    42.4     1.0 42417.7
     7     7           1.0000     1      8     8           1.0000*    1  1    229.8  1000.0    23.0     1.0 22983.0
     8     8           1.0000*    1      9     9           1.0000     1  1     62.5  1000.0     6.3     1.0  6253.1
     9     9           1.0000     1     39     39          1.0000*    1  1    140.5  1000.0    14.0     1.0 14045.2
    10     10          1.0000*    1     11     11          1.0000     1  1    403.1  1000.0    40.3     1.0 40308.1
    10     10          1.0000     1     13     13          1.0000*    1  1    289.5  1000.0    29.0     1.0 28951.8
    13     13          1.0000     1     14     14          1.0000*    1  1    271.2  1000.0    27.1     1.0 27121.1
    14     14          1.0000     1     15     15          1.0000*    1  1    241.0  1000.0    24.1     1.0 24098.3
    15     15          1.0000     1     16     16          1.0000*    1  1    456.4  1000.0    45.6     1.0 45643.3
    16     16          1.0000     1     17     17          1.0000*    1  1   1010.6  1000.0   101.1     1.0101063.1
    16     16          1.0000     1     19     19          1.0000*    1  1    499.3   500.0    99.9     1.0 49933.6
    16     16          1.0000*    1     21     21          1.0000     1  1    866.9   500.0   173.4     1.0 86685.6
    16     16          1.0000*    1     24     24          1.0000     1  1    504.2   500.0   100.8     1.0 50415.8
    17     17          1.0000*    1     18     18          1.0000     1  1    355.9   500.0    71.2     1.0 35593.5
    17     17          1.0000*    1     27     27          1.0000     1  1    675.4   500.0   135.1     1.0 67537.0
    21     21          1.0000     1     22     22          1.0000*    1  1   1145.7   500.0   229.1     1.0114568.2
    22     22          1.0000*    1     23     23          1.0000     1  1    602.0   500.0   120.4     1.0 60196.7
    23     23          1.0000     1     24     24          1.0000*    1  1    824.5   500.0   164.9     1.0 82453.3
    25     25          1.0000*    1     26     26          1.0000     1  1    431.6   500.0    86.3     1.0 43157.9
    26     26          1.0000     1     27     27          1.0000*    1  1    419.6   500.0    83.9     1.0 41956.2
    26     26          1.0000*    1     28     28          1.0000     1  1    366.8   500.0    73.4     1.0 36679.6
    26     26          1.0000*    1     29     29          1.0000     1  1    321.8   500.0    64.4     1.0 32177.0
    28     28          1.0000*    1     29     29          1.0000     1  1    166.7   500.0    33.3     1.0 16673.5
