Begin Report RATE_3
PSS(R)E Xplore-36.1.0 LIMIT CHECKING REPORT - BRANCH FLOWS          TUE, APR 29 2025  21:35
NEW ENGLAND TEST SYSTEM, 39 BUSES, 9 GENERATORS
CREATED BY PABLO LEDESMA PABLOLE@ING.UC3M.ES

SUBSYSTEM LOADING CHECK (INCLUDED: LINES; BREAKERS AND SWITCHES; TRANSFORMERS) (EXCLUDED: NONE)
MVA LOADINGS ABOVE 100.0 % OF BRANCH RATING:
LOADINGS ABOVE 100.0 % OF SWITCHING DEVICE RATING

X----------- FROM BUS ------------X X------------ TO BUS -------------X               RATING SET 1    RATING SET 3
  BUS#-SCT X-- NAME --X BASKV  AREA   BUS#-SCT X-- NAME --X BASKV  AREA CKT LOADING   RATE1 PERCENT   RATE3 PERCENT
     1     1           1.0000     1      2     2           1.0000*    1  1     67.4  1000.0     6.7     1.0  6742.7
     1     1           1.0000     1     39     39          1.0000*    1  1    124.6  1000.0    12.5     1.0 12461.0
     2     2           1.0000     1      3     3           1.0000*    1  1    169.5  1000.0    16.9     1.0 16946.8
     2     2           1.0000     1     25     25          1.0000*    1  1    135.0  1000.0    13.5     1.0 13501.7
     3     3           1.0000*    1      4     4           1.0000     1  1     95.8  1000.0     9.6     1.0  9582.0
     3     3           1.0000     1     18     18          1.0000*    1  1    249.8  1000.0    25.0     1.0 24975.7
     4     4           1.0000*    1      5     5           1.0000     1  1    267.9  1000.0    26.8     1.0 26792.0
     4     4           1.0000     1     14     14          1.0000*    1  1    393.2  1000.0    39.3     1.0 39315.3
     5     5           1.0000     1      6     6           1.0000*    1  1    556.0  1000.0    55.6     1.0 55602.2
     5     5           1.0000*    1      8     8           1.0000     1  1    360.3  1000.0    36.0     1.0 36029.7
     6     6           1.0000*    1      7     7           1.0000     1  1    478.5  1000.0    47.9     1.0 47851.5
     6     6           1.0000     1     11     11          1.0000*    1  1    422.5  1000.0    42.2     1.0 42247.6
     7     7           1.0000     1      8     8           1.0000*    1  1    230.7  1000.0    23.1     1.0 23065.6
     8     8           1.0000*    1      9     9           1.0000     1  1     64.1  1000.0     6.4     1.0  6407.2
     9     9           1.0000     1     39     39          1.0000*    1  1    139.8  1000.0    14.0     1.0 13981.3
    10     10          1.0000*    1     11     11          1.0000     1  1    401.5  1000.0    40.1     1.0 40146.3
    10     10          1.0000     1     13     13          1.0000*    1  1    291.9  1000.0    29.2     1.0 29185.8
    13     13          1.0000     1     14     14          1.0000*    1  1    273.6  1000.0    27.4     1.0 27357.3
    14     14          1.0000     1     15     15          1.0000*    1  1    241.3  1000.0    24.1     1.0 24134.7
    15     15          1.0000     1     16     16          1.0000*    1  1    455.0  1000.0    45.5     1.0 45496.8
    16     16          1.0000     1     17     17          1.0000*    1  1   1010.1  1000.0   101.0     1.0101007.2
    16     16          1.0000     1     19     19          1.0000*    1  1    501.4   500.0   100.3     1.0 50141.0
    16     16          1.0000*    1     21     21          1.0000     1  1    866.2   500.0   173.2     1.0 86624.8
    16     16          1.0000*    1     24     24          1.0000     1  1    503.6   500.0   100.7     1.0 50357.9
    17     17          1.0000*    1     18     18          1.0000     1  1    356.8   500.0    71.4     1.0 35682.1
    17     17          1.0000*    1     27     27          1.0000     1  1    677.1   500.0   135.4     1.0 67713.8
    21     21          1.0000     1     22     22          1.0000*    1  1   1146.2   500.0   229.2     1.0114624.9
    22     22          1.0000*    1     23     23          1.0000     1  1    602.2   500.0   120.4     1.0 60220.9
    23     23          1.0000     1     24     24          1.0000*    1  1    823.9   500.0   164.8     1.0 82394.3
    25     25          1.0000*    1     26     26          1.0000     1  1    436.1   500.0    87.2     1.0 43612.0
    26     26          1.0000     1     27     27          1.0000*    1  1    417.0   500.0    83.4     1.0 41699.5
    26     26          1.0000*    1     28     28          1.0000     1  1    367.4   500.0    73.5     1.0 36741.2
    26     26          1.0000*    1     29     29          1.0000     1  1    321.3   500.0    64.3     1.0 32132.7
    28     28          1.0000*    1     29     29          1.0000     1  1    165.0   500.0    33.0     1.0 16501.6
