Begin Report RATE_3
PSS(R)E Xplore-36.1.0 LIMIT CHECKING REPORT - BRANCH FLOWS          TUE, APR 29 2025  21:32
NEW ENGLAND TEST SYSTEM, 39 BUSES, 9 GENERATORS
CREATED BY PABLO LEDESMA PABLOLE@ING.UC3M.ES

SUBSYSTEM LOADING CHECK (INCLUDED: LINES; BREAKERS AND SWITCHES; TRANSFORMERS) (EXCLUDED: NONE)
MVA LOADINGS ABOVE 100.0 % OF BRANCH RATING:
LOADINGS ABOVE 100.0 % OF SWITCHING DEVICE RATING

X----------- FROM BUS ------------X X------------ TO BUS -------------X               RATING SET 1    RATING SET 3
  BUS#-SCT X-- NAME --X BASKV  AREA   BUS#-SCT X-- NAME --X BASKV  AREA CKT LOADING   RATE1 PERCENT   RATE3 PERCENT
     1     1           1.0000     1      2     2           1.0000*    1  1    205.3  1000.0    20.5     1.0 20525.7
     1     1           1.0000     1     39     39          1.0000*    1  1    214.4  1000.0    21.4     1.0 21438.2
     2     2           1.0000*    1      3     3           1.0000     1  1    385.4  1000.0    38.5     1.0 38541.9
     2     2           1.0000     1     25     25          1.0000*    1  1    351.9  1000.0    35.2     1.0 35188.5
     3     3           1.0000*    1      4     4           1.0000     1  1    392.6  1000.0    39.3     1.0 39255.7
     3     3           1.0000     1     18     18          1.0000*    1  1    372.4  1000.0    37.2     1.0 37239.2
     4     4           1.0000*    1      5     5           1.0000     1  1    228.3  1000.0    22.8     1.0 22832.7
     4     4           1.0000     1     14     14          1.0000*    1  1    229.5  1000.0    22.9     1.0 22945.6
     5     5           1.0000*    1      6     6           1.0000     1  1    213.8  1000.0    21.4     1.0 21379.9
     5     5           1.0000     1      8     8           1.0000*    1  1    317.9  1000.0    31.8     1.0 31789.9
     6     6           1.0000*    1      7     7           1.0000     1  1    380.7  1000.0    38.1     1.0 38066.2
     6     6           1.0000     1     11     11          1.0000*    1  1    185.7  1000.0    18.6     1.0 18569.3
     7     7           1.0000     1      8     8           1.0000*    1  1    134.0  1000.0    13.4     1.0 13399.9
     8     8           1.0000*    1      9     9           1.0000     1  1     99.0  1000.0     9.9     1.0  9898.8
     9     9           1.0000     1     39     39          1.0000*    1  1    161.5  1000.0    16.1     1.0 16148.8
    10     10          1.0000*    1     11     11          1.0000     1  1    141.9  1000.0    14.2     1.0 14193.4
    10     10          1.0000     1     13     13          1.0000*    1  1    322.7  1000.0    32.3     1.0 32266.9
    13     13          1.0000     1     14     14          1.0000*    1  1    325.9  1000.0    32.6     1.0 32590.2
    14     14          1.0000*    1     15     15          1.0000     1  1    555.2  1000.0    55.5     1.0 55523.1
    15     15          1.0000     1     16     16          1.0000*    1  1    840.7  1000.0    84.1     1.0 84066.9
    16     16          1.0000     1     17     17          1.0000*    1  1    644.3  1000.0    64.4     1.0 64428.6
    16     16          1.0000     1     19     19          1.0000*    1  1    497.4   500.0    99.5     1.0 49736.0
    16     16          1.0000*    1     21     21          1.0000     1  1    867.5   500.0   173.5     1.0 86749.6
    16     16          1.0000*    1     24     24          1.0000     1  1    504.7   500.0   100.9     1.0 50474.4
    17     17          1.0000*    1     18     18          1.0000     1  1    514.0   500.0   102.8     1.0 51396.6
    17     17          1.0000*    1     27     27          1.0000     1  1    148.9   500.0    29.8     1.0 14891.9
    21     21          1.0000     1     22     22          1.0000*    1  1   1145.2   500.0   229.0     1.0114516.9
    22     22          1.0000*    1     23     23          1.0000     1  1    601.8   500.0   120.4     1.0 60175.5
    23     23          1.0000     1     24     24          1.0000*    1  1    825.1   500.0   165.0     1.0 82513.9
    25     25          1.0000     1     26     26          1.0000*    1  1     79.9   500.0    16.0     1.0  7989.9
    26     26          1.0000     1     27     27          1.0000*    1  1    231.5   500.0    46.3     1.0 23149.7
    26     26          1.0000     1     28     28          1.0000*    1  1    147.8   500.0    29.6     1.0 14784.7
    26     26          1.0000     1     29     29          1.0000*    1  1    199.2   500.0    39.8     1.0 19921.2
    28     28          1.0000     1     29     29          1.0000*    1  1    350.2   500.0    70.0     1.0 35017.9
