Begin Report RATE_3
PSS(R)E Xplore-36.1.0 LIMIT CHECKING REPORT - BRANCH FLOWS          TUE, APR 29 2025  21:32
NEW ENGLAND TEST SYSTEM, 39 BUSES, 9 GENERATORS
CREATED BY PABLO LEDESMA PABLOLE@ING.UC3M.ES

SUBSYSTEM LOADING CHECK (INCLUDED: LINES; BREAKERS AND SWITCHES; TRANSFORMERS) (EXCLUDED: NONE)
MVA LOADINGS ABOVE 100.0 % OF BRANCH RATING:
LOADINGS ABOVE 100.0 % OF SWITCHING DEVICE RATING

X----------- FROM BUS ------------X X------------ TO BUS -------------X               RATING SET 1    RATING SET 3
  BUS#-SCT X-- NAME --X BASKV  AREA   BUS#-SCT X-- NAME --X BASKV  AREA CKT LOADING   RATE1 PERCENT   RATE3 PERCENT
     1     1           1.0000     1      2     2           1.0000*    1  1    206.3  1000.0    20.6     1.0 20626.9
     1     1           1.0000     1     39     39          1.0000*    1  1    215.8  1000.0    21.6     1.0 21577.0
     2     2           1.0000*    1      3     3           1.0000     1  1    384.2  1000.0    38.4     1.0 38417.6
     2     2           1.0000     1     25     25          1.0000*    1  1    353.2  1000.0    35.3     1.0 35318.6
     3     3           1.0000*    1      4     4           1.0000     1  1    396.9  1000.0    39.7     1.0 39691.8
     3     3           1.0000     1     18     18          1.0000*    1  1    374.7  1000.0    37.5     1.0 37470.6
     4     4           1.0000*    1      5     5           1.0000     1  1    229.7  1000.0    23.0     1.0 22968.3
     4     4           1.0000     1     14     14          1.0000*    1  1    230.9  1000.0    23.1     1.0 23094.6
     5     5           1.0000*    1      6     6           1.0000     1  1    207.1  1000.0    20.7     1.0 20708.9
     5     5           1.0000     1      8     8           1.0000*    1  1    318.2  1000.0    31.8     1.0 31816.0
     6     6           1.0000*    1      7     7           1.0000     1  1    379.6  1000.0    38.0     1.0 37958.2
     6     6           1.0000     1     11     11          1.0000*    1  1    184.2  1000.0    18.4     1.0 18419.6
     7     7           1.0000     1      8     8           1.0000*    1  1    133.0  1000.0    13.3     1.0 13297.3
     8     8           1.0000*    1      9     9           1.0000     1  1     99.7  1000.0    10.0     1.0  9974.4
     9     9           1.0000     1     39     39          1.0000*    1  1    163.1  1000.0    16.3     1.0 16314.9
    10     10          1.0000*    1     11     11          1.0000     1  1    140.0  1000.0    14.0     1.0 14004.3
    10     10          1.0000     1     13     13          1.0000*    1  1    325.2  1000.0    32.5     1.0 32516.8
    13     13          1.0000     1     14     14          1.0000*    1  1    329.1  1000.0    32.9     1.0 32910.2
    14     14          1.0000*    1     15     15          1.0000     1  1    560.0  1000.0    56.0     1.0 55995.2
    15     15          1.0000     1     16     16          1.0000*    1  1    848.2  1000.0    84.8     1.0 84817.6
    16     16          1.0000     1     17     17          1.0000*    1  1    646.9  1000.0    64.7     1.0 64694.7
    16     16          1.0000     1     19     19          1.0000*    1  1    493.1   500.0    98.6     1.0 49313.6
    16     16          1.0000*    1     21     21          1.0000     1  1    992.5   500.0   198.5     1.0 99250.9
    16     16          1.0000     1     24     24          1.0000*    1  1    393.7   500.0    78.7     1.0 39370.3
    17     17          1.0000*    1     18     18          1.0000     1  1    517.4   500.0   103.5     1.0 51743.3
    17     17          1.0000*    1     27     27          1.0000     1  1    147.3   500.0    29.5     1.0 14734.1
    21     21          1.0000     1     22     22          1.0000*    1  1   1255.3   500.0   251.1     1.0125532.7
    22     22          1.0000*    1     23     23          1.0000     1  1    414.5   500.0    82.9     1.0 41452.6
    23     23          1.0000*    1     24     24          1.0000     1  1    713.6   500.0   142.7     1.0 71359.5
    25     25          1.0000     1     26     26          1.0000*    1  1     78.5   500.0    15.7     1.0  7848.2
    26     26          1.0000     1     27     27          1.0000*    1  1    228.3   500.0    45.7     1.0 22828.5
    26     26          1.0000     1     28     28          1.0000*    1  1    148.2   500.0    29.6     1.0 14820.5
    26     26          1.0000     1     29     29          1.0000*    1  1    199.6   500.0    39.9     1.0 19957.7
    28     28          1.0000     1     29     29          1.0000*    1  1    350.3   500.0    70.1     1.0 35026.2
