Begin Report RATE_3
PSS(R)E Xplore-36.1.0 LIMIT CHECKING REPORT - BRANCH FLOWS          TUE, APR 29 2025  21:34
NEW ENGLAND TEST SYSTEM, 39 BUSES, 9 GENERATORS
CREATED BY PABLO LEDESMA PABLOLE@ING.UC3M.ES

SUBSYSTEM LOADING CHECK (INCLUDED: LINES; BREAKERS AND SWITCHES; TRANSFORMERS) (EXCLUDED: NONE)
MVA LOADINGS ABOVE 100.0 % OF BRANCH RATING:
LOADINGS ABOVE 100.0 % OF SWITCHING DEVICE RATING

X----------- FROM BUS ------------X X------------ TO BUS -------------X               RATING SET 1    RATING SET 3
  BUS#-SCT X-- NAME --X BASKV  AREA   BUS#-SCT X-- NAME --X BASKV  AREA CKT LOADING   RATE1 PERCENT   RATE3 PERCENT
     1     1           1.0000     1      2     2           1.0000*    1  1     68.0  1000.0     6.8     1.0  6798.1
     1     1           1.0000     1     39     39          1.0000*    1  1    120.8  1000.0    12.1     1.0 12079.7
     2     2           1.0000     1      3     3           1.0000*    1  1    170.8  1000.0    17.1     1.0 17080.5
     2     2           1.0000     1     25     25          1.0000*    1  1    145.4  1000.0    14.5     1.0 14536.3
     3     3           1.0000*    1      4     4           1.0000     1  1    102.3  1000.0    10.2     1.0 10228.1
     3     3           1.0000     1     18     18          1.0000*    1  1    254.1  1000.0    25.4     1.0 25413.1
     4     4           1.0000*    1      5     5           1.0000     1  1    274.5  1000.0    27.4     1.0 27446.1
     4     4           1.0000     1     14     14          1.0000*    1  1    393.1  1000.0    39.3     1.0 39313.1
     5     5           1.0000     1      6     6           1.0000*    1  1    562.1  1000.0    56.2     1.0 56213.0
     5     5           1.0000*    1      8     8           1.0000     1  1    360.4  1000.0    36.0     1.0 36042.0
     6     6           1.0000*    1      7     7           1.0000     1  1    479.9  1000.0    48.0     1.0 47991.6
     6     6           1.0000     1     11     11          1.0000*    1  1    419.6  1000.0    42.0     1.0 41963.0
     7     7           1.0000     1      8     8           1.0000*    1  1    232.1  1000.0    23.2     1.0 23206.1
     8     8           1.0000*    1      9     9           1.0000     1  1     66.7  1000.0     6.7     1.0  6673.3
     9     9           1.0000     1     39     39          1.0000*    1  1    138.7  1000.0    13.9     1.0 13869.4
    10     10          1.0000*    1     11     11          1.0000     1  1    398.8  1000.0    39.9     1.0 39875.1
    10     10          1.0000     1     13     13          1.0000*    1  1    295.9  1000.0    29.6     1.0 29588.2
    13     13          1.0000     1     14     14          1.0000*    1  1    277.6  1000.0    27.8     1.0 27762.5
    14     14          1.0000     1     15     15          1.0000*    1  1    242.2  1000.0    24.2     1.0 24215.2
    15     15          1.0000     1     16     16          1.0000*    1  1    452.6  1000.0    45.3     1.0 45259.5
    16     16          1.0000     1     17     17          1.0000*    1  1   1009.2  1000.0   100.9     1.0100924.7
    16     16          1.0000     1     19     19          1.0000*    1  1    505.2   500.0   101.0     1.0 50518.8
    16     16          1.0000*    1     21     21          1.0000     1  1    865.3   500.0   173.1     1.0 86528.2
    16     16          1.0000*    1     24     24          1.0000     1  1    502.6   500.0   100.5     1.0 50260.3
    17     17          1.0000*    1     18     18          1.0000     1  1    358.6   500.0    71.7     1.0 35856.2
    17     17          1.0000*    1     27     27          1.0000     1  1    680.7   500.0   136.1     1.0 68072.6
    21     21          1.0000     1     22     22          1.0000*    1  1   1147.4   500.0   229.5     1.0114735.7
    22     22          1.0000*    1     23     23          1.0000     1  1    602.7   500.0   120.5     1.0 60273.0
    23     23          1.0000     1     24     24          1.0000*    1  1    823.0   500.0   164.6     1.0 82298.8
    25     25          1.0000*    1     26     26          1.0000     1  1    445.1   500.0    89.0     1.0 44505.6
    26     26          1.0000     1     27     27          1.0000*    1  1    413.3   500.0    82.7     1.0 41329.7
    26     26          1.0000*    1     28     28          1.0000     1  1    486.6   500.0    97.3     1.0 48659.7
    26     26          1.0000*    1     29     29          1.0000     1  1    214.4   500.0    42.9     1.0 21444.5
    28     28          1.0000     1     29     29          1.0000*    1  1    748.1   500.0   149.6     1.0 74813.7
