Begin Report RATE_3
PSS(R)E Xplore-36.1.0 LIMIT CHECKING REPORT - BRANCH FLOWS          TUE, APR 29 2025  21:34
NEW ENGLAND TEST SYSTEM, 39 BUSES, 9 GENERATORS
CREATED BY PABLO LEDESMA PABLOLE@ING.UC3M.ES

SUBSYSTEM LOADING CHECK (INCLUDED: LINES; BREAKERS AND SWITCHES; TRANSFORMERS) (EXCLUDED: NONE)
MVA LOADINGS ABOVE 100.0 % OF BRANCH RATING:
LOADINGS ABOVE 100.0 % OF SWITCHING DEVICE RATING

X----------- FROM BUS ------------X X------------ TO BUS -------------X               RATING SET 1    RATING SET 3
  BUS#-SCT X-- NAME --X BASKV  AREA   BUS#-SCT X-- NAME --X BASKV  AREA CKT LOADING   RATE1 PERCENT   RATE3 PERCENT
     1     1           1.0000     1      2     2           1.0000*    1  1     68.6  1000.0     6.9     1.0  6856.3
     1     1           1.0000     1     39     39          1.0000*    1  1    122.3  1000.0    12.2     1.0 12229.7
     2     2           1.0000     1      3     3           1.0000*    1  1    166.3  1000.0    16.6     1.0 16633.2
     2     2           1.0000     1     25     25          1.0000*    1  1    144.3  1000.0    14.4     1.0 14425.3
     3     3           1.0000*    1      4     4           1.0000     1  1     97.7  1000.0     9.8     1.0  9770.2
     3     3           1.0000     1     18     18          1.0000*    1  1    253.2  1000.0    25.3     1.0 25315.8
     4     4           1.0000*    1      5     5           1.0000     1  1    267.8  1000.0    26.8     1.0 26778.1
     4     4           1.0000     1     14     14          1.0000*    1  1    394.8  1000.0    39.5     1.0 39478.4
     5     5           1.0000     1      6     6           1.0000*    1  1    554.9  1000.0    55.5     1.0 55487.5
     5     5           1.0000*    1      8     8           1.0000     1  1    360.5  1000.0    36.1     1.0 36054.2
     6     6           1.0000*    1      7     7           1.0000     1  1    478.6  1000.0    47.9     1.0 47857.3
     6     6           1.0000     1     11     11          1.0000*    1  1    424.1  1000.0    42.4     1.0 42410.6
     7     7           1.0000     1      8     8           1.0000*    1  1    230.7  1000.0    23.1     1.0 23070.8
     8     8           1.0000*    1      9     9           1.0000     1  1     64.6  1000.0     6.5     1.0  6457.4
     9     9           1.0000     1     39     39          1.0000*    1  1    139.6  1000.0    14.0     1.0 13961.9
    10     10          1.0000*    1     11     11          1.0000     1  1    403.1  1000.0    40.3     1.0 40306.3
    10     10          1.0000     1     13     13          1.0000*    1  1    290.2  1000.0    29.0     1.0 29021.8
    13     13          1.0000     1     14     14          1.0000*    1  1    271.8  1000.0    27.2     1.0 27175.5
    14     14          1.0000     1     15     15          1.0000*    1  1    241.6  1000.0    24.2     1.0 24157.6
    15     15          1.0000     1     16     16          1.0000*    1  1    458.9  1000.0    45.9     1.0 45889.1
    16     16          1.0000     1     17     17          1.0000*    1  1   1014.0  1000.0   101.4     1.0101404.2
    16     16          1.0000     1     19     19          1.0000*    1  1    500.3   500.0   100.1     1.0 50031.1
    16     16          1.0000*    1     21     21          1.0000     1  1    989.3   500.0   197.9     1.0 98930.1
    16     16          1.0000     1     24     24          1.0000*    1  1    393.5   500.0    78.7     1.0 39346.0
    17     17          1.0000*    1     18     18          1.0000     1  1    360.3   500.0    72.1     1.0 36032.6
    17     17          1.0000*    1     27     27          1.0000     1  1    682.4   500.0   136.5     1.0 68235.0
    21     21          1.0000     1     22     22          1.0000*    1  1   1256.7   500.0   251.3     1.0125672.7
    22     22          1.0000*    1     23     23          1.0000     1  1    414.6   500.0    82.9     1.0 41456.5
    23     23          1.0000*    1     24     24          1.0000     1  1    714.2   500.0   142.8     1.0 71418.9
    25     25          1.0000*    1     26     26          1.0000     1  1    443.0   500.0    88.6     1.0 44296.6
    26     26          1.0000     1     27     27          1.0000*    1  1    413.7   500.0    82.7     1.0 41374.4
    26     26          1.0000*    1     28     28          1.0000     1  1    486.7   500.0    97.3     1.0 48666.4
    26     26          1.0000*    1     29     29          1.0000     1  1    213.9   500.0    42.8     1.0 21387.2
    28     28          1.0000     1     29     29          1.0000*    1  1    747.7   500.0   149.5     1.0 74773.4
