Begin Report RATE_3
PSS(R)E Xplore-36.1.0 LIMIT CHECKING REPORT - BRANCH FLOWS          TUE, APR 29 2025  21:31
NEW ENGLAND TEST SYSTEM, 39 BUSES, 9 GENERATORS
CREATED BY PABLO LEDESMA PABLOLE@ING.UC3M.ES

SUBSYSTEM LOADING CHECK (INCLUDED: LINES; BREAKERS AND SWITCHES; TRANSFORMERS) (EXCLUDED: NONE)
MVA LOADINGS ABOVE 100.0 % OF BRANCH RATING:
LOADINGS ABOVE 100.0 % OF SWITCHING DEVICE RATING

X----------- FROM BUS ------------X X------------ TO BUS -------------X               RATING SET 1    RATING SET 3
  BUS#-SCT X-- NAME --X BASKV  AREA   BUS#-SCT X-- NAME --X BASKV  AREA CKT LOADING   RATE1 PERCENT   RATE3 PERCENT
     1     1           1.0000     1      2     2           1.0000*    1  1    296.2  1000.0    29.6     1.0 29620.3
     1     1           1.0000*    1     39     39          1.0000     1  1    285.2  1000.0    28.5     1.0 28517.1
     2     2           1.0000*    1      3     3           1.0000     1  1    578.5  1000.0    57.8     1.0 57848.4
     2     2           1.0000     1     25     25          1.0000*    1  1    721.2  1000.0    72.1     1.0 72123.2
     3     3           1.0000     1      4     4           1.0000*    1  1    475.8  1000.0    47.6     1.0 47584.4
     3     3           1.0000     1     18     18          1.0000*    1  1    239.5  1000.0    24.0     1.0 23950.4
     4     4           1.0000*    1      5     5           1.0000     1  1    323.6  1000.0    32.4     1.0 32364.7
     4     4           1.0000     1     14     14          1.0000*    1  1    306.2  1000.0    30.6     1.0 30620.1
     5     5           1.0000*    1      6     6           1.0000     1  1    349.9  1000.0    35.0     1.0 34992.2
     5     5           1.0000*    1      8     8           1.0000     1  1    623.1  1000.0    62.3     1.0 62314.2
     6     6           1.0000*    1      7     7           1.0000     1  1    992.8  1000.0    99.3     1.0 99277.4
     6     6           1.0000*    1     11     11          1.0000     1  1    611.3  1000.0    61.1     1.0 61128.8
     7     7           1.0000     1      8     8           1.0000*    1  1    265.2  1000.0    26.5     1.0 26518.1
     8     8           1.0000*    1      9     9           1.0000     1  1    184.4  1000.0    18.4     1.0 18436.7
     9     9           1.0000     1     39     39          1.0000*    1  1    202.0  1000.0    20.2     1.0 20201.8
    10     10          1.0000*    1     11     11          1.0000     1  1    582.3  1000.0    58.2     1.0 58230.1
    10     10          1.0000     1     13     13          1.0000*    1  1    134.3  1000.0    13.4     1.0 13428.3
    13     13          1.0000     1     14     14          1.0000*    1  1    102.4  1000.0    10.2     1.0 10242.0
    14     14          1.0000     1     15     15          1.0000*    1  1    289.6  1000.0    29.0     1.0 28962.5
    15     15          1.0000     1     16     16          1.0000*    1  1    591.1  1000.0    59.1     1.0 59106.8
    16     16          1.0000     1     17     17          1.0000*    1  1    235.3  1000.0    23.5     1.0 23525.0
    16     16          1.0000     1     19     19          1.0000*    1  1    474.0   500.0    94.8     1.0 47397.6
    16     16          1.0000*    1     21     21          1.0000     1  1    331.2   500.0    66.2     1.0 33120.8
    16     16          1.0000*    1     24     24          1.0000     1  1    136.4   500.0    27.3     1.0 13635.9
    17     17          1.0000*    1     18     18          1.0000     1  1    383.8   500.0    76.8     1.0 38383.4
    17     17          1.0000*    1     27     27          1.0000     1  1    551.8   500.0   110.4     1.0 55182.3
    21     21          1.0000     1     22     22          1.0000*    1  1    628.6   500.0   125.7     1.0 62863.2
    22     22          1.0000     1     23     23          1.0000*    1  1     77.3   500.0    15.5     1.0  7730.8
    23     23          1.0000*    1     24     24          1.0000     1  1    355.6   500.0    71.1     1.0 35561.2
    25     25          1.0000*    1     26     26          1.0000     1  1    463.1   500.0    92.6     1.0 46306.3
    26     26          1.0000     1     27     27          1.0000*    1  1    780.4   500.0   156.1     1.0 78036.0
    26     26          1.0000*    1     28     28          1.0000     1  1    628.8   500.0   125.8     1.0 62882.5
    26     26          1.0000     1     29     29          1.0000*    1  1    679.4   500.0   135.9     1.0 67937.4
    28     28          1.0000     1     29     29          1.0000*    1  1    842.6   500.0   168.5     1.0 84259.2
