Begin Report RATE_3
PSS(R)E Xplore-36.1.0 LIMIT CHECKING REPORT - BRANCH FLOWS          TUE, APR 29 2025  21:31
NEW ENGLAND TEST SYSTEM, 39 BUSES, 9 GENERATORS
CREATED BY PABLO LEDESMA PABLOLE@ING.UC3M.ES

SUBSYSTEM LOADING CHECK (INCLUDED: LINES; BREAKERS AND SWITCHES; TRANSFORMERS) (EXCLUDED: NONE)
MVA LOADINGS ABOVE 100.0 % OF BRANCH RATING:
LOADINGS ABOVE 100.0 % OF SWITCHING DEVICE RATING

X----------- FROM BUS ------------X X------------ TO BUS -------------X               RATING SET 1    RATING SET 3
  BUS#-SCT X-- NAME --X BASKV  AREA   BUS#-SCT X-- NAME --X BASKV  AREA CKT LOADING   RATE1 PERCENT   RATE3 PERCENT
     1     1           1.0000     1      2     2           1.0000*    1  1    169.8  1000.0    17.0     1.0 16976.7
     1     1           1.0000     1     39     39          1.0000*    1  1    195.9  1000.0    19.6     1.0 19585.2
     2     2           1.0000     1      3     3           1.0000*    1  1    335.9  1000.0    33.6     1.0 33593.1
     2     2           1.0000     1     25     25          1.0000*    1  1    275.9  1000.0    27.6     1.0 27588.4
     3     3           1.0000     1      4     4           1.0000*    1  1    101.4  1000.0    10.1     1.0 10144.2
     3     3           1.0000     1     18     18          1.0000*    1  1     74.6  1000.0     7.5     1.0  7456.0
     4     4           1.0000*    1      5     5           1.0000     1  1     87.9  1000.0     8.8     1.0  8787.0
     4     4           1.0000     1     14     14          1.0000*    1  1    476.3  1000.0    47.6     1.0 47634.3
     5     5           1.0000     1      6     6           1.0000*    1  1    603.2  1000.0    60.3     1.0 60315.8
     5     5           1.0000*    1      8     8           1.0000     1  1    662.8  1000.0    66.3     1.0 66282.6
     6     6           1.0000*    1      7     7           1.0000     1  1   1068.9  1000.0   106.9     1.0106892.1
     6     6           1.0000*    1     11     11          1.0000     1  1   1101.8  1000.0   110.2     1.0110177.2
     7     7           1.0000     1      8     8           1.0000*    1  1    186.5  1000.0    18.6     1.0 18646.1
     8     8           1.0000*    1      9     9           1.0000     1  1     89.8  1000.0     9.0     1.0  8978.8
     9     9           1.0000     1     39     39          1.0000*    1  1    116.5  1000.0    11.7     1.0 11654.7
    10     10          1.0000*    1     11     11          1.0000     1  1   1067.7  1000.0   106.8     1.0106770.4
    10     10          1.0000*    1     13     13          1.0000     1  1    586.4  1000.0    58.6     1.0 58643.8
    13     13          1.0000*    1     14     14          1.0000     1  1    560.6  1000.0    56.1     1.0 56062.8
    14     14          1.0000     1     15     15          1.0000*    1  1     83.8  1000.0     8.4     1.0  8376.3
    15     15          1.0000*    1     16     16          1.0000     1  1    273.3  1000.0    27.3     1.0 27326.1
    16     16          1.0000*    1     17     17          1.0000     1  1    261.4  1000.0    26.1     1.0 26136.5
    16     16          1.0000     1     19     19          1.0000*    1  1    456.1   500.0    91.2     1.0 45611.4
    16     16          1.0000     1     21     21          1.0000*    1  1    333.0   500.0    66.6     1.0 33302.9
    16     16          1.0000*    1     24     24          1.0000     1  1     98.5   500.0    19.7     1.0  9853.5
    17     17          1.0000*    1     18     18          1.0000     1  1    226.1   500.0    45.2     1.0 22608.8
    17     17          1.0000*    1     27     27          1.0000     1  1     46.0   500.0     9.2     1.0  4596.1
    21     21          1.0000     1     22     22          1.0000*    1  1    614.4   500.0   122.9     1.0 61444.9
    22     22          1.0000     1     23     23          1.0000*    1  1     74.5   500.0    14.9     1.0  7454.5
    23     23          1.0000*    1     24     24          1.0000     1  1    354.0   500.0    70.8     1.0 35396.3
    25     25          1.0000     1     26     26          1.0000*    1  1     71.9   500.0    14.4     1.0  7185.9
    26     26          1.0000     1     27     27          1.0000*    1  1    263.5   500.0    52.7     1.0 26346.2
    26     26          1.0000     1     28     28          1.0000*    1  1    154.1   500.0    30.8     1.0 15409.7
    26     26          1.0000     1     29     29          1.0000*    1  1    205.3   500.0    41.1     1.0 20531.9
    28     28          1.0000     1     29     29          1.0000*    1  1    351.9   500.0    70.4     1.0 35188.8
