Begin Report RATE_3
PSS(R)E Xplore-36.1.0 LIMIT CHECKING REPORT - BRANCH FLOWS          TUE, APR 29 2025  21:31
NEW ENGLAND TEST SYSTEM, 39 BUSES, 9 GENERATORS
CREATED BY PABLO LEDESMA PABLOLE@ING.UC3M.ES

SUBSYSTEM LOADING CHECK (INCLUDED: LINES; BREAKERS AND SWITCHES; TRANSFORMERS) (EXCLUDED: NONE)
MVA LOADINGS ABOVE 100.0 % OF BRANCH RATING:
LOADINGS ABOVE 100.0 % OF SWITCHING DEVICE RATING

X----------- FROM BUS ------------X X------------ TO BUS -------------X               RATING SET 1    RATING SET 3
  BUS#-SCT X-- NAME --X BASKV  AREA   BUS#-SCT X-- NAME --X BASKV  AREA CKT LOADING   RATE1 PERCENT   RATE3 PERCENT
     1     1           1.0000     1      2     2           1.0000*    1  1    254.5  1000.0    25.5     1.0 25450.6
     1     1           1.0000     1     39     39          1.0000*    1  1    256.2  1000.0    25.6     1.0 25618.1
     2     2           1.0000     1      3     3           1.0000*    1  1    361.2  1000.0    36.1     1.0 36121.4
     2     2           1.0000     1     25     25          1.0000*    1  1    367.7  1000.0    36.8     1.0 36769.5
     3     3           1.0000*    1      4     4           1.0000     1  1    393.8  1000.0    39.4     1.0 39384.3
     3     3           1.0000     1     18     18          1.0000*    1  1    401.2  1000.0    40.1     1.0 40116.4
     4     4           1.0000*    1      5     5           1.0000     1  1    357.5  1000.0    35.7     1.0 35749.9
     4     4           1.0000     1     14     14          1.0000*    1  1    430.2  1000.0    43.0     1.0 43016.1
     5     5           1.0000*    1      6     6           1.0000     1  1    325.9  1000.0    32.6     1.0 32592.4
     5     5           1.0000*    1      8     8           1.0000     1  1    644.2  1000.0    64.4     1.0 64416.7
     6     6           1.0000*    1      7     7           1.0000     1  1   1005.3  1000.0   100.5     1.0100527.0
     6     6           1.0000*    1     11     11          1.0000     1  1    698.6  1000.0    69.9     1.0 69859.2
     7     7           1.0000     1      8     8           1.0000*    1  1    251.9  1000.0    25.2     1.0 25194.9
     8     8           1.0000*    1      9     9           1.0000     1  1    154.8  1000.0    15.5     1.0 15482.0
     9     9           1.0000     1     39     39          1.0000*    1  1    171.4  1000.0    17.1     1.0 17142.3
    10     10          1.0000*    1     11     11          1.0000     1  1    659.8  1000.0    66.0     1.0 65978.4
    10     10          1.0000     1     13     13          1.0000*    1  1    146.1  1000.0    14.6     1.0 14607.5
    13     13          1.0000     1     14     14          1.0000*    1  1    133.0  1000.0    13.3     1.0 13300.2
    14     14          1.0000*    1     15     15          1.0000     1  1    503.5  1000.0    50.3     1.0 50346.2
    15     15          1.0000     1     16     16          1.0000*    1  1    799.0  1000.0    79.9     1.0 79897.8
    16     16          1.0000     1     17     17          1.0000*    1  1    692.3  1000.0    69.2     1.0 69229.8
    16     16          1.0000     1     19     19          1.0000*    1  1    498.2   500.0    99.6     1.0 49818.9
    16     16          1.0000*    1     21     21          1.0000     1  1    990.2   500.0   198.0     1.0 99019.4
    16     16          1.0000     1     24     24          1.0000*    1  1    393.5   500.0    78.7     1.0 39350.9
    17     17          1.0000*    1     18     18          1.0000     1  1    546.5   500.0   109.3     1.0 54651.0
    17     17          1.0000*    1     27     27          1.0000     1  1    164.9   500.0    33.0     1.0 16490.3
    21     21          1.0000     1     22     22          1.0000*    1  1   1256.3   500.0   251.3     1.0125629.0
    22     22          1.0000*    1     23     23          1.0000     1  1    414.5   500.0    82.9     1.0 41454.5
    23     23          1.0000*    1     24     24          1.0000     1  1    714.0   500.0   142.8     1.0 71399.6
    25     25          1.0000     1     26     26          1.0000*    1  1     86.8   500.0    17.4     1.0  8676.4
    26     26          1.0000     1     27     27          1.0000*    1  1    221.3   500.0    44.3     1.0 22131.0
    26     26          1.0000     1     28     28          1.0000*    1  1    147.4   500.0    29.5     1.0 14742.1
    26     26          1.0000     1     29     29          1.0000*    1  1    198.8   500.0    39.8     1.0 19877.4
    28     28          1.0000     1     29     29          1.0000*    1  1    350.1   500.0    70.0     1.0 35008.4
