Begin Report RATE_3
PSS(R)E Xplore-36.1.0 LIMIT CHECKING REPORT - BRANCH FLOWS          TUE, APR 29 2025  21:31
NEW ENGLAND TEST SYSTEM, 39 BUSES, 9 GENERATORS
CREATED BY PABLO LEDESMA PABLOLE@ING.UC3M.ES

SUBSYSTEM LOADING CHECK (INCLUDED: LINES; BREAKERS AND SWITCHES; TRANSFORMERS) (EXCLUDED: NONE)
MVA LOADINGS ABOVE 100.0 % OF BRANCH RATING:
LOADINGS ABOVE 100.0 % OF SWITCHING DEVICE RATING

X----------- FROM BUS ------------X X------------ TO BUS -------------X               RATING SET 1    RATING SET 3
  BUS#-SCT X-- NAME --X BASKV  AREA   BUS#-SCT X-- NAME --X BASKV  AREA CKT LOADING   RATE1 PERCENT   RATE3 PERCENT
     1     1           1.0000     1      2     2           1.0000*    1  1    253.5  1000.0    25.3     1.0 25345.2
     1     1           1.0000     1     39     39          1.0000*    1  1    254.8  1000.0    25.5     1.0 25483.2
     2     2           1.0000     1      3     3           1.0000*    1  1    362.8  1000.0    36.3     1.0 36279.8
     2     2           1.0000     1     25     25          1.0000*    1  1    366.4  1000.0    36.6     1.0 36639.0
     3     3           1.0000*    1      4     4           1.0000     1  1    389.3  1000.0    38.9     1.0 38932.6
     3     3           1.0000     1     18     18          1.0000*    1  1    398.5  1000.0    39.8     1.0 39849.7
     4     4           1.0000*    1      5     5           1.0000     1  1    352.5  1000.0    35.2     1.0 35249.4
     4     4           1.0000     1     14     14          1.0000*    1  1    428.2  1000.0    42.8     1.0 42815.5
     5     5           1.0000*    1      6     6           1.0000     1  1    332.8  1000.0    33.3     1.0 33275.2
     5     5           1.0000*    1      8     8           1.0000     1  1    644.0  1000.0    64.4     1.0 64402.9
     6     6           1.0000*    1      7     7           1.0000     1  1   1006.5  1000.0   100.6     1.0100648.3
     6     6           1.0000*    1     11     11          1.0000     1  1    693.8  1000.0    69.4     1.0 69376.6
     7     7           1.0000     1      8     8           1.0000*    1  1    250.7  1000.0    25.1     1.0 25067.2
     8     8           1.0000*    1      9     9           1.0000     1  1    154.2  1000.0    15.4     1.0 15418.1
     9     9           1.0000     1     39     39          1.0000*    1  1    169.8  1000.0    17.0     1.0 16978.4
    10     10          1.0000*    1     11     11          1.0000     1  1    655.3  1000.0    65.5     1.0 65533.0
    10     10          1.0000     1     13     13          1.0000*    1  1    149.2  1000.0    14.9     1.0 14915.2
    13     13          1.0000     1     14     14          1.0000*    1  1    134.7  1000.0    13.5     1.0 13469.6
    14     14          1.0000*    1     15     15          1.0000     1  1    498.7  1000.0    49.9     1.0 49869.1
    15     15          1.0000     1     16     16          1.0000*    1  1    791.4  1000.0    79.1     1.0 79141.9
    16     16          1.0000     1     17     17          1.0000*    1  1    689.3  1000.0    68.9     1.0 68930.0
    16     16          1.0000     1     19     19          1.0000*    1  1    502.7   500.0   100.5     1.0 50266.1
    16     16          1.0000*    1     21     21          1.0000     1  1    865.9   500.0   173.2     1.0 86592.5
    16     16          1.0000*    1     24     24          1.0000     1  1    503.3   500.0   100.7     1.0 50325.3
    17     17          1.0000     1     18     18          1.0000*    1  1    542.8   500.0   108.6     1.0 54282.7
    17     17          1.0000*    1     27     27          1.0000     1  1    166.3   500.0    33.3     1.0 16633.1
    21     21          1.0000     1     22     22          1.0000*    1  1   1146.6   500.0   229.3     1.0114661.6
    22     22          1.0000*    1     23     23          1.0000     1  1    602.4   500.0   120.5     1.0 60237.2
    23     23          1.0000     1     24     24          1.0000*    1  1    823.6   500.0   164.7     1.0 82362.1
    25     25          1.0000     1     26     26          1.0000*    1  1     87.9   500.0    17.6     1.0  8788.9
    26     26          1.0000     1     27     27          1.0000*    1  1    224.7   500.0    44.9     1.0 22468.5
    26     26          1.0000     1     28     28          1.0000*    1  1    147.1   500.0    29.4     1.0 14708.6
    26     26          1.0000     1     29     29          1.0000*    1  1    198.4   500.0    39.7     1.0 19842.6
    28     28          1.0000     1     29     29          1.0000*    1  1    350.0   500.0    70.0     1.0 35001.1
