Begin Report RATE_3
PSS(R)E Xplore-36.1.0 LIMIT CHECKING REPORT - BRANCH FLOWS          TUE, APR 29 2025  21:31
NEW ENGLAND TEST SYSTEM, 39 BUSES, 9 GENERATORS
CREATED BY PABLO LEDESMA PABLOLE@ING.UC3M.ES

SUBSYSTEM LOADING CHECK (INCLUDED: LINES; BREAKERS AND SWITCHES; TRANSFORMERS) (EXCLUDED: NONE)
MVA LOADINGS ABOVE 100.0 % OF BRANCH RATING:
LOADINGS ABOVE 100.0 % OF SWITCHING DEVICE RATING

X----------- FROM BUS ------------X X------------ TO BUS -------------X               RATING SET 1    RATING SET 3
  BUS#-SCT X-- NAME --X BASKV  AREA   BUS#-SCT X-- NAME --X BASKV  AREA CKT LOADING   RATE1 PERCENT   RATE3 PERCENT
     1     1           1.0000     1      2     2           1.0000*    1  1    250.6  1000.0    25.1     1.0 25059.3
     1     1           1.0000     1     39     39          1.0000*    1  1    255.1  1000.0    25.5     1.0 25512.7
     2     2           1.0000     1      3     3           1.0000*    1  1    353.3  1000.0    35.3     1.0 35326.2
     2     2           1.0000     1     25     25          1.0000*    1  1    365.5  1000.0    36.5     1.0 36548.1
     3     3           1.0000*    1      4     4           1.0000     1  1    388.1  1000.0    38.8     1.0 38807.9
     3     3           1.0000     1     18     18          1.0000*    1  1    387.8  1000.0    38.8     1.0 38785.0
     4     4           1.0000*    1      5     5           1.0000     1  1    344.3  1000.0    34.4     1.0 34433.3
     4     4           1.0000     1     14     14          1.0000*    1  1    427.8  1000.0    42.8     1.0 42775.1
     5     5           1.0000*    1      6     6           1.0000     1  1    330.6  1000.0    33.1     1.0 33061.8
     5     5           1.0000*    1      8     8           1.0000     1  1    645.9  1000.0    64.6     1.0 64591.0
     6     6           1.0000*    1      7     7           1.0000     1  1   1007.4  1000.0   100.7     1.0100737.7
     6     6           1.0000*    1     11     11          1.0000     1  1    691.9  1000.0    69.2     1.0 69193.6
     7     7           1.0000     1      8     8           1.0000*    1  1    250.1  1000.0    25.0     1.0 25009.7
     8     8           1.0000*    1      9     9           1.0000     1  1    149.7  1000.0    15.0     1.0 14969.4
     9     9           1.0000     1     39     39          1.0000*    1  1    173.2  1000.0    17.3     1.0 17322.2
    10     10          1.0000*    1     11     11          1.0000     1  1    654.3  1000.0    65.4     1.0 65431.1
    10     10          1.0000     1     13     13          1.0000*    1  1    123.5  1000.0    12.3     1.0 12347.4
    13     13          1.0000     1     14     14          1.0000*    1  1    109.4  1000.0    10.9     1.0 10942.4
    14     14          1.0000*    1     15     15          1.0000     1  1    485.7  1000.0    48.6     1.0 48573.7
    15     15          1.0000     1     16     16          1.0000*    1  1    792.4  1000.0    79.2     1.0 79238.6
    16     16          1.0000     1     17     17          1.0000*    1  1    671.9  1000.0    67.2     1.0 67190.3
    16     16          1.0000     1     19     19          1.0000*    1  1   1443.2   500.0   288.6     1.0144322.7
    16     16          1.0000*    1     21     21          1.0000     1  1    332.2   500.0    66.4     1.0 33224.8
    16     16          1.0000*    1     24     24          1.0000     1  1    142.0   500.0    28.4     1.0 14201.4
    17     17          1.0000*    1     18     18          1.0000     1  1    537.1   500.0   107.4     1.0 53711.5
    17     17          1.0000*    1     27     27          1.0000     1  1    150.0   500.0    30.0     1.0 15003.5
    21     21          1.0000     1     22     22          1.0000*    1  1    631.4   500.0   126.3     1.0 63137.3
    22     22          1.0000     1     23     23          1.0000*    1  1     77.7   500.0    15.5     1.0  7772.4
    23     23          1.0000*    1     24     24          1.0000     1  1    356.3   500.0    71.3     1.0 35634.2
    25     25          1.0000     1     26     26          1.0000*    1  1     76.4   500.0    15.3     1.0  7637.0
    26     26          1.0000     1     27     27          1.0000*    1  1    209.8   500.0    42.0     1.0 20975.8
    26     26          1.0000     1     28     28          1.0000*    1  1    149.4   500.0    29.9     1.0 14941.5
    26     26          1.0000     1     29     29          1.0000*    1  1    200.8   500.0    40.2     1.0 20079.2
    28     28          1.0000     1     29     29          1.0000*    1  1    350.6   500.0    70.1     1.0 35056.0
