Begin Report RATE_3
PSS(R)E Xplore-36.1.0 LIMIT CHECKING REPORT - BRANCH FLOWS          TUE, APR 29 2025  21:35
NEW ENGLAND TEST SYSTEM, 39 BUSES, 9 GENERATORS
CREATED BY PABLO LEDESMA PABLOLE@ING.UC3M.ES

SUBSYSTEM LOADING CHECK (INCLUDED: LINES; BREAKERS AND SWITCHES; TRANSFORMERS) (EXCLUDED: NONE)
MVA LOADINGS ABOVE 100.0 % OF BRANCH RATING:
LOADINGS ABOVE 100.0 % OF SWITCHING DEVICE RATING

X----------- FROM BUS ------------X X------------ TO BUS -------------X               RATING SET 1    RATING SET 3
  BUS#-SCT X-- NAME --X BASKV  AREA   BUS#-SCT X-- NAME --X BASKV  AREA CKT LOADING   RATE1 PERCENT   RATE3 PERCENT
     1     1           1.0000     1      2     2           1.0000*    1  1    205.9  1000.0    20.6     1.0 20592.0
     1     1           1.0000     1     39     39          1.0000*    1  1    215.8  1000.0    21.6     1.0 21583.7
     2     2           1.0000*    1      3     3           1.0000     1  1    383.3  1000.0    38.3     1.0 38334.7
     2     2           1.0000     1     25     25          1.0000*    1  1    353.3  1000.0    35.3     1.0 35334.7
     3     3           1.0000*    1      4     4           1.0000     1  1    397.3  1000.0    39.7     1.0 39732.5
     3     3           1.0000     1     18     18          1.0000*    1  1    374.9  1000.0    37.5     1.0 37494.4
     4     4           1.0000*    1      5     5           1.0000     1  1    230.6  1000.0    23.1     1.0 23063.8
     4     4           1.0000     1     14     14          1.0000*    1  1    230.0  1000.0    23.0     1.0 23004.1
     5     5           1.0000*    1      6     6           1.0000     1  1    207.7  1000.0    20.8     1.0 20768.3
     5     5           1.0000     1      8     8           1.0000*    1  1    318.7  1000.0    31.9     1.0 31871.2
     6     6           1.0000*    1      7     7           1.0000     1  1    380.1  1000.0    38.0     1.0 38012.6
     6     6           1.0000     1     11     11          1.0000*    1  1    174.6  1000.0    17.5     1.0 17459.2
     7     7           1.0000     1      8     8           1.0000*    1  1    133.6  1000.0    13.4     1.0 13356.5
     8     8           1.0000*    1      9     9           1.0000     1  1     98.7  1000.0     9.9     1.0  9865.7
     9     9           1.0000     1     39     39          1.0000*    1  1    165.5  1000.0    16.5     1.0 16549.7
    10     10          1.0000*    1     11     11          1.0000     1  1    131.3  1000.0    13.1     1.0 13134.6
    10     10          1.0000     1     13     13          1.0000*    1  1    329.1  1000.0    32.9     1.0 32912.4
    13     13          1.0000     1     14     14          1.0000*    1  1    332.4  1000.0    33.2     1.0 33242.6
    14     14          1.0000*    1     15     15          1.0000     1  1    562.1  1000.0    56.2     1.0 56214.4
    15     15          1.0000     1     16     16          1.0000*    1  1    848.4  1000.0    84.8     1.0 84844.6
    16     16          1.0000     1     17     17          1.0000*    1  1    646.6  1000.0    64.7     1.0 64664.8
    16     16          1.0000     1     19     19          1.0000*    1  1    492.1   500.0    98.4     1.0 49214.8
    16     16          1.0000*    1     21     21          1.0000     1  1    993.0   500.0   198.6     1.0 99298.1
    16     16          1.0000     1     24     24          1.0000*    1  1    393.7   500.0    78.7     1.0 39374.8
    17     17          1.0000*    1     18     18          1.0000     1  1    517.5   500.0   103.5     1.0 51751.9
    17     17          1.0000*    1     27     27          1.0000     1  1    146.5   500.0    29.3     1.0 14651.9
    21     21          1.0000     1     22     22          1.0000*    1  1   1255.1   500.0   251.0     1.0125513.7
    22     22          1.0000*    1     23     23          1.0000     1  1    414.5   500.0    82.9     1.0 41452.1
    23     23          1.0000*    1     24     24          1.0000     1  1    713.5   500.0   142.7     1.0 71351.8
    25     25          1.0000     1     26     26          1.0000*    1  1     78.1   500.0    15.6     1.0  7811.7
    26     26          1.0000     1     27     27          1.0000*    1  1    227.7   500.0    45.5     1.0 22773.7
    26     26          1.0000     1     28     28          1.0000*    1  1    148.3   500.0    29.7     1.0 14833.7
    26     26          1.0000     1     29     29          1.0000*    1  1    199.7   500.0    39.9     1.0 19971.1
    28     28          1.0000     1     29     29          1.0000*    1  1    350.3   500.0    70.1     1.0 35029.4
