Begin Report RATE_3
PSS(R)E Xplore-36.1.0 LIMIT CHECKING REPORT - BRANCH FLOWS          TUE, APR 29 2025  21:32
NEW ENGLAND TEST SYSTEM, 39 BUSES, 9 GENERATORS
CREATED BY PABLO LEDESMA PABLOLE@ING.UC3M.ES

SUBSYSTEM LOADING CHECK (INCLUDED: LINES; BREAKERS AND SWITCHES; TRANSFORMERS) (EXCLUDED: NONE)
MVA LOADINGS ABOVE 100.0 % OF BRANCH RATING:
LOADINGS ABOVE 100.0 % OF SWITCHING DEVICE RATING

X----------- FROM BUS ------------X X------------ TO BUS -------------X               RATING SET 1    RATING SET 3
  BUS#-SCT X-- NAME --X BASKV  AREA   BUS#-SCT X-- NAME --X BASKV  AREA CKT LOADING   RATE1 PERCENT   RATE3 PERCENT
     1     1           1.0000     1      2     2           1.0000*    1  1    210.0  1000.0    21.0     1.0 21003.2
     1     1           1.0000     1     39     39          1.0000*    1  1    221.6  1000.0    22.2     1.0 22163.9
     2     2           1.0000*    1      3     3           1.0000     1  1    375.1  1000.0    37.5     1.0 37513.5
     2     2           1.0000     1     25     25          1.0000*    1  1    354.3  1000.0    35.4     1.0 35426.5
     3     3           1.0000*    1      4     4           1.0000     1  1    394.7  1000.0    39.5     1.0 39466.2
     3     3           1.0000     1     18     18          1.0000*    1  1    368.0  1000.0    36.8     1.0 36804.1
     4     4           1.0000*    1      5     5           1.0000     1  1    249.7  1000.0    25.0     1.0 24970.1
     4     4           1.0000     1     14     14          1.0000*    1  1    286.9  1000.0    28.7     1.0 28686.7
     5     5           1.0000*    1      6     6           1.0000     1  1    147.7  1000.0    14.8     1.0 14769.6
     5     5           1.0000     1      8     8           1.0000*    1  1    322.2  1000.0    32.2     1.0 32224.1
     6     6           1.0000*    1      7     7           1.0000     1  1    371.6  1000.0    37.2     1.0 37157.0
     6     6           1.0000     1     11     11          1.0000*    1  1    231.7  1000.0    23.2     1.0 23171.2
     7     7           1.0000     1      8     8           1.0000*    1  1    125.3  1000.0    12.5     1.0 12525.9
     8     8           1.0000*    1      9     9           1.0000     1  1    103.5  1000.0    10.4     1.0 10350.6
     9     9           1.0000     1     39     39          1.0000*    1  1    167.8  1000.0    16.8     1.0 16775.6
    10     10          1.0000     1     11     11          1.0000*    1  1    824.0  1000.0    82.4     1.0 82395.5
    10     10          1.0000     1     13     13          1.0000*    1  1    211.0  1000.0    21.1     1.0 21099.9
    13     13          1.0000     1     14     14          1.0000*    1  1    243.4  1000.0    24.3     1.0 24338.5
    14     14          1.0000*    1     15     15          1.0000     1  1    527.8  1000.0    52.8     1.0 52778.4
    15     15          1.0000     1     16     16          1.0000*    1  1    828.7  1000.0    82.9     1.0 82866.0
    16     16          1.0000     1     17     17          1.0000*    1  1    637.3  1000.0    63.7     1.0 63729.8
    16     16          1.0000     1     19     19          1.0000*    1  1   1442.4   500.0   288.5     1.0144235.4
    16     16          1.0000*    1     21     21          1.0000     1  1    331.5   500.0    66.3     1.0 33147.8
    16     16          1.0000*    1     24     24          1.0000     1  1    138.0   500.0    27.6     1.0 13796.1
    17     17          1.0000*    1     18     18          1.0000     1  1    515.6   500.0   103.1     1.0 51555.9
    17     17          1.0000*    1     27     27          1.0000     1  1    135.8   500.0    27.2     1.0 13577.8
    21     21          1.0000     1     22     22          1.0000*    1  1    629.4   500.0   125.9     1.0 62939.1
    22     22          1.0000     1     23     23          1.0000*    1  1     77.4   500.0    15.5     1.0  7742.6
    23     23          1.0000*    1     24     24          1.0000     1  1    355.8   500.0    71.2     1.0 35580.6
    25     25          1.0000     1     26     26          1.0000*    1  1     69.6   500.0    13.9     1.0  6961.8
    26     26          1.0000     1     27     27          1.0000*    1  1    216.1   500.0    43.2     1.0 21614.1
    26     26          1.0000     1     28     28          1.0000*    1  1    150.1   500.0    30.0     1.0 15013.6
    26     26          1.0000     1     29     29          1.0000*    1  1    201.5   500.0    40.3     1.0 20150.5
    28     28          1.0000     1     29     29          1.0000*    1  1    350.7   500.0    70.1     1.0 35074.9
