Begin Report RATE_3
PSS(R)E Xplore-36.1.0 LIMIT CHECKING REPORT - BRANCH FLOWS          TUE, APR 29 2025  21:32
NEW ENGLAND TEST SYSTEM, 39 BUSES, 9 GENERATORS
CREATED BY PABLO LEDESMA PABLOLE@ING.UC3M.ES

SUBSYSTEM LOADING CHECK (INCLUDED: LINES; BREAKERS AND SWITCHES; TRANSFORMERS) (EXCLUDED: NONE)
MVA LOADINGS ABOVE 100.0 % OF BRANCH RATING:
LOADINGS ABOVE 100.0 % OF SWITCHING DEVICE RATING

X----------- FROM BUS ------------X X------------ TO BUS -------------X               RATING SET 1    RATING SET 3
  BUS#-SCT X-- NAME --X BASKV  AREA   BUS#-SCT X-- NAME --X BASKV  AREA CKT LOADING   RATE1 PERCENT   RATE3 PERCENT
     1     1           1.0000     1      2     2           1.0000*    1  1    214.0  1000.0    21.4     1.0 21396.0
     1     1           1.0000     1     39     39          1.0000*    1  1    221.9  1000.0    22.2     1.0 22192.5
     2     2           1.0000     1      3     3           1.0000*    1  1    381.2  1000.0    38.1     1.0 38123.7
     2     2           1.0000     1     25     25          1.0000*    1  1    356.4  1000.0    35.6     1.0 35642.0
     3     3           1.0000*    1      4     4           1.0000     1  1    401.0  1000.0    40.1     1.0 40099.9
     3     3           1.0000     1     18     18          1.0000*    1  1    382.4  1000.0    38.2     1.0 38244.1
     4     4           1.0000*    1      5     5           1.0000     1  1    266.8  1000.0    26.7     1.0 26675.7
     4     4           1.0000     1     14     14          1.0000*    1  1    290.9  1000.0    29.1     1.0 29090.7
     5     5           1.0000*    1      6     6           1.0000     1  1    146.1  1000.0    14.6     1.0 14611.6
     5     5           1.0000     1      8     8           1.0000*    1  1    320.0  1000.0    32.0     1.0 31995.8
     6     6           1.0000*    1      7     7           1.0000     1  1    369.2  1000.0    36.9     1.0 36920.3
     6     6           1.0000     1     11     11          1.0000*    1  1    232.2  1000.0    23.2     1.0 23216.1
     7     7           1.0000     1      8     8           1.0000*    1  1    122.9  1000.0    12.3     1.0 12285.4
     8     8           1.0000*    1      9     9           1.0000     1  1    108.1  1000.0    10.8     1.0 10811.6
     9     9           1.0000     1     39     39          1.0000*    1  1    164.0  1000.0    16.4     1.0 16404.6
    10     10          1.0000     1     11     11          1.0000*    1  1    829.1  1000.0    82.9     1.0 82911.2
    10     10          1.0000     1     13     13          1.0000*    1  1    229.2  1000.0    22.9     1.0 22920.5
    13     13          1.0000     1     14     14          1.0000*    1  1    258.8  1000.0    25.9     1.0 25880.8
    14     14          1.0000*    1     15     15          1.0000     1  1    546.0  1000.0    54.6     1.0 54597.7
    15     15          1.0000     1     16     16          1.0000*    1  1    835.4  1000.0    83.5     1.0 83543.5
    16     16          1.0000     1     17     17          1.0000*    1  1    658.7  1000.0    65.9     1.0 65871.6
    16     16          1.0000     1     19     19          1.0000*    1  1    494.0   500.0    98.8     1.0 49395.9
    16     16          1.0000*    1     21     21          1.0000     1  1    992.1   500.0   198.4     1.0 99212.0
    16     16          1.0000     1     24     24          1.0000*    1  1    393.7   500.0    78.7     1.0 39366.6
    17     17          1.0000*    1     18     18          1.0000     1  1    525.8   500.0   105.2     1.0 52577.0
    17     17          1.0000*    1     27     27          1.0000     1  1    151.0   500.0    30.2     1.0 15098.4
    21     21          1.0000     1     22     22          1.0000*    1  1   1255.5   500.0   251.1     1.0125548.3
    22     22          1.0000*    1     23     23          1.0000     1  1    414.5   500.0    82.9     1.0 41452.9
    23     23          1.0000*    1     24     24          1.0000     1  1    713.7   500.0   142.7     1.0 71365.8
    25     25          1.0000     1     26     26          1.0000*    1  1     80.0   500.0    16.0     1.0  7999.8
    26     26          1.0000     1     27     27          1.0000*    1  1    226.5   500.0    45.3     1.0 22652.6
    26     26          1.0000     1     28     28          1.0000*    1  1    148.1   500.0    29.6     1.0 14806.5
    26     26          1.0000     1     29     29          1.0000*    1  1    199.4   500.0    39.9     1.0 19943.5
    28     28          1.0000     1     29     29          1.0000*    1  1    350.2   500.0    70.0     1.0 35023.0
