Begin Report RATE_3
PSS(R)E Xplore-36.1.0 LIMIT CHECKING REPORT - BRANCH FLOWS          TUE, APR 29 2025  21:32
NEW ENGLAND TEST SYSTEM, 39 BUSES, 9 GENERATORS
CREATED BY PABLO LEDESMA PABLOLE@ING.UC3M.ES

SUBSYSTEM LOADING CHECK (INCLUDED: LINES; BREAKERS AND SWITCHES; TRANSFORMERS) (EXCLUDED: NONE)
MVA LOADINGS ABOVE 100.0 % OF BRANCH RATING:
LOADINGS ABOVE 100.0 % OF SWITCHING DEVICE RATING

X----------- FROM BUS ------------X X------------ TO BUS -------------X               RATING SET 1    RATING SET 3
  BUS#-SCT X-- NAME --X BASKV  AREA   BUS#-SCT X-- NAME --X BASKV  AREA CKT LOADING   RATE1 PERCENT   RATE3 PERCENT
     1     1           1.0000     1      2     2           1.0000*    1  1    257.8  1000.0    25.8     1.0 25779.3
     1     1           1.0000*    1     39     39          1.0000     1  1    244.8  1000.0    24.5     1.0 24482.2
     2     2           1.0000*    1      3     3           1.0000     1  1    606.8  1000.0    60.7     1.0 60682.2
     2     2           1.0000     1     25     25          1.0000*    1  1    711.8  1000.0    71.2     1.0 71179.4
     3     3           1.0000     1      4     4           1.0000*    1  1    487.1  1000.0    48.7     1.0 48709.4
     3     3           1.0000     1     18     18          1.0000*    1  1    221.9  1000.0    22.2     1.0 22192.4
     4     4           1.0000*    1      5     5           1.0000     1  1    246.0  1000.0    24.6     1.0 24603.3
     4     4           1.0000     1     14     14          1.0000*    1  1    159.7  1000.0    16.0     1.0 15974.3
     5     5           1.0000*    1      6     6           1.0000     1  1    170.8  1000.0    17.1     1.0 17083.6
     5     5           1.0000     1      8     8           1.0000*    1  1    299.8  1000.0    30.0     1.0 29984.7
     6     6           1.0000*    1      7     7           1.0000     1  1    357.2  1000.0    35.7     1.0 35723.3
     6     6           1.0000     1     11     11          1.0000*    1  1    271.6  1000.0    27.2     1.0 27157.0
     7     7           1.0000     1      8     8           1.0000*    1  1    111.6  1000.0    11.2     1.0 11160.1
     8     8           1.0000*    1      9     9           1.0000     1  1    140.8  1000.0    14.1     1.0 14079.8
     9     9           1.0000     1     39     39          1.0000*    1  1    188.8  1000.0    18.9     1.0 18875.9
    10     10          1.0000*    1     11     11          1.0000     1  1    750.8  1000.0    75.1     1.0 75078.6
    10     10          1.0000     1     13     13          1.0000*    1  1    152.9  1000.0    15.3     1.0 15291.4
    13     13          1.0000     1     14     14          1.0000*    1  1    171.3  1000.0    17.1     1.0 17134.7
    14     14          1.0000     1     15     15          1.0000*    1  1    329.0  1000.0    32.9     1.0 32904.5
    15     15          1.0000     1     16     16          1.0000*    1  1    625.6  1000.0    62.6     1.0 62557.1
    16     16          1.0000     1     17     17          1.0000*    1  1    250.1  1000.0    25.0     1.0 25008.8
    16     16          1.0000     1     19     19          1.0000*    1  1    471.8   500.0    94.4     1.0 47181.1
    16     16          1.0000*    1     21     21          1.0000     1  1    330.7   500.0    66.1     1.0 33074.2
    16     16          1.0000*    1     24     24          1.0000     1  1    133.3   500.0    26.7     1.0 13326.5
    17     17          1.0000*    1     18     18          1.0000     1  1    362.7   500.0    72.5     1.0 36267.4
    17     17          1.0000*    1     27     27          1.0000     1  1    565.8   500.0   113.2     1.0 56583.6
    21     21          1.0000     1     22     22          1.0000*    1  1    627.2   500.0   125.4     1.0 62720.1
    22     22          1.0000     1     23     23          1.0000*    1  1     77.1   500.0    15.4     1.0  7708.1
    23     23          1.0000*    1     24     24          1.0000     1  1    355.3   500.0    71.1     1.0 35526.6
    25     25          1.0000*    1     26     26          1.0000     1  1    452.1   500.0    90.4     1.0 45213.3
    26     26          1.0000     1     27     27          1.0000*    1  1    793.5   500.0   158.7     1.0 79350.1
    26     26          1.0000*    1     28     28          1.0000     1  1    629.2   500.0   125.8     1.0 62920.0
    26     26          1.0000     1     29     29          1.0000*    1  1    679.3   500.0   135.9     1.0 67928.8
    28     28          1.0000     1     29     29          1.0000*    1  1    842.4   500.0   168.5     1.0 84237.3
