Begin Report RATE_3
PSS(R)E Xplore-36.1.0 LIMIT CHECKING REPORT - BRANCH FLOWS          TUE, APR 29 2025  21:32
NEW ENGLAND TEST SYSTEM, 39 BUSES, 9 GENERATORS
CREATED BY PABLO LEDESMA PABLOLE@ING.UC3M.ES

SUBSYSTEM LOADING CHECK (INCLUDED: LINES; BREAKERS AND SWITCHES; TRANSFORMERS) (EXCLUDED: NONE)
MVA LOADINGS ABOVE 100.0 % OF BRANCH RATING:
LOADINGS ABOVE 100.0 % OF SWITCHING DEVICE RATING

X----------- FROM BUS ------------X X------------ TO BUS -------------X               RATING SET 1    RATING SET 3
  BUS#-SCT X-- NAME --X BASKV  AREA   BUS#-SCT X-- NAME --X BASKV  AREA CKT LOADING   RATE1 PERCENT   RATE3 PERCENT
     1     1           1.0000     1      2     2           1.0000*    1  1    209.4  1000.0    20.9     1.0 20944.3
     1     1           1.0000     1     39     39          1.0000*    1  1    220.7  1000.0    22.1     1.0 22073.0
     2     2           1.0000*    1      3     3           1.0000     1  1    375.9  1000.0    37.6     1.0 37593.0
     2     2           1.0000     1     25     25          1.0000*    1  1    353.5  1000.0    35.3     1.0 35346.0
     3     3           1.0000*    1      4     4           1.0000     1  1    391.9  1000.0    39.2     1.0 39191.5
     3     3           1.0000     1     18     18          1.0000*    1  1    366.6  1000.0    36.7     1.0 36656.4
     4     4           1.0000*    1      5     5           1.0000     1  1    248.1  1000.0    24.8     1.0 24813.4
     4     4           1.0000     1     14     14          1.0000*    1  1    285.8  1000.0    28.6     1.0 28580.2
     5     5           1.0000*    1      6     6           1.0000     1  1    152.1  1000.0    15.2     1.0 15205.7
     5     5           1.0000     1      8     8           1.0000*    1  1    322.0  1000.0    32.2     1.0 32200.7
     6     6           1.0000*    1      7     7           1.0000     1  1    372.2  1000.0    37.2     1.0 37222.2
     6     6           1.0000     1     11     11          1.0000*    1  1    233.6  1000.0    23.4     1.0 23360.8
     7     7           1.0000     1      8     8           1.0000*    1  1    125.9  1000.0    12.6     1.0 12586.6
     8     8           1.0000*    1      9     9           1.0000     1  1    103.1  1000.0    10.3     1.0 10307.7
     9     9           1.0000     1     39     39          1.0000*    1  1    166.6  1000.0    16.7     1.0 16657.5
    10     10          1.0000     1     11     11          1.0000*    1  1    821.1  1000.0    82.1     1.0 82110.1
    10     10          1.0000     1     13     13          1.0000*    1  1    210.4  1000.0    21.0     1.0 21038.1
    13     13          1.0000     1     14     14          1.0000*    1  1    241.8  1000.0    24.2     1.0 24180.1
    14     14          1.0000*    1     15     15          1.0000     1  1    524.9  1000.0    52.5     1.0 52487.5
    15     15          1.0000     1     16     16          1.0000*    1  1    823.7  1000.0    82.4     1.0 82373.9
    16     16          1.0000     1     17     17          1.0000*    1  1    635.6  1000.0    63.6     1.0 63562.3
    16     16          1.0000     1     19     19          1.0000*    1  1   1432.5   500.0   286.5     1.0143245.8
    16     16          1.0000*    1     21     21          1.0000     1  1    332.1   500.0    66.4     1.0 33210.2
    16     16          1.0000*    1     24     24          1.0000     1  1    141.3   500.0    28.3     1.0 14129.6
    17     17          1.0000*    1     18     18          1.0000     1  1    513.3   500.0   102.7     1.0 51331.0
    17     17          1.0000*    1     27     27          1.0000     1  1    137.0   500.0    27.4     1.0 13700.7
    21     21          1.0000     1     22     22          1.0000*    1  1    631.0   500.0   126.2     1.0 63101.5
    22     22          1.0000     1     23     23          1.0000*    1  1     77.7   500.0    15.5     1.0  7767.1
    23     23          1.0000*    1     24     24          1.0000     1  1    356.2   500.0    71.2     1.0 35624.2
    25     25          1.0000     1     26     26          1.0000*    1  1     70.8   500.0    14.2     1.0  7078.8
    26     26          1.0000     1     27     27          1.0000*    1  1    218.4   500.0    43.7     1.0 21843.8
    26     26          1.0000     1     28     28          1.0000*    1  1    149.8   500.0    30.0     1.0 14981.1
    26     26          1.0000     1     29     29          1.0000*    1  1    201.2   500.0    40.2     1.0 20118.5
    28     28          1.0000     1     29     29          1.0000*    1  1    350.7   500.0    70.1     1.0 35066.3
