Begin Report RATE_3
PSS(R)E Xplore-36.1.0 LIMIT CHECKING REPORT - BRANCH FLOWS          TUE, APR 29 2025  21:31
NEW ENGLAND TEST SYSTEM, 39 BUSES, 9 GENERATORS
CREATED BY PABLO LEDESMA PABLOLE@ING.UC3M.ES

SUBSYSTEM LOADING CHECK (INCLUDED: LINES; BREAKERS AND SWITCHES; TRANSFORMERS) (EXCLUDED: NONE)
MVA LOADINGS ABOVE 100.0 % OF BRANCH RATING:
LOADINGS ABOVE 100.0 % OF SWITCHING DEVICE RATING

X----------- FROM BUS ------------X X------------ TO BUS -------------X               RATING SET 1    RATING SET 3
  BUS#-SCT X-- NAME --X BASKV  AREA   BUS#-SCT X-- NAME --X BASKV  AREA CKT LOADING   RATE1 PERCENT   RATE3 PERCENT
     1     1           1.0000     1      2     2           1.0000*    1  1    227.5  1000.0    22.7     1.0 22749.2
     1     1           1.0000     1     39     39          1.0000*    1  1    232.1  1000.0    23.2     1.0 23210.5
     2     2           1.0000     1      3     3           1.0000*    1  1    380.1  1000.0    38.0     1.0 38008.1
     2     2           1.0000     1     25     25          1.0000*    1  1    362.5  1000.0    36.3     1.0 36251.2
     3     3           1.0000*    1      4     4           1.0000     1  1    411.8  1000.0    41.2     1.0 41176.5
     3     3           1.0000     1     18     18          1.0000*    1  1    399.6  1000.0    40.0     1.0 39961.2
     4     4           1.0000     1      5     5           1.0000*    1  1    404.0  1000.0    40.4     1.0 40398.7
     4     4           1.0000*    1     14     14          1.0000     1  1    452.1  1000.0    45.2     1.0 45210.9
     5     5           1.0000     1      6     6           1.0000*    1  1    873.2  1000.0    87.3     1.0 87322.8
     5     5           1.0000     1      8     8           1.0000*    1  1    240.5  1000.0    24.0     1.0 24046.4
     6     6           1.0000*    1      7     7           1.0000     1  1    436.5  1000.0    43.6     1.0 43649.4
     6     6           1.0000*    1     11     11          1.0000     1  1    682.5  1000.0    68.3     1.0 68251.2
     7     7           1.0000     1      8     8           1.0000*    1  1    188.9  1000.0    18.9     1.0 18893.0
     8     8           1.0000*    1      9     9           1.0000     1  1    124.1  1000.0    12.4     1.0 12409.4
     9     9           1.0000     1     39     39          1.0000*    1  1    163.0  1000.0    16.3     1.0 16302.6
    10     10          1.0000*    1     11     11          1.0000     1  1    642.2  1000.0    64.2     1.0 64219.3
    10     10          1.0000     1     13     13          1.0000*    1  1    153.6  1000.0    15.4     1.0 15362.8
    13     13          1.0000     1     14     14          1.0000*    1  1    136.2  1000.0    13.6     1.0 13621.6
    14     14          1.0000*    1     15     15          1.0000     1  1    507.1  1000.0    50.7     1.0 50709.7
    15     15          1.0000     1     16     16          1.0000*    1  1    796.1  1000.0    79.6     1.0 79608.4
    16     16          1.0000     1     17     17          1.0000*    1  1    685.0  1000.0    68.5     1.0 68496.7
    16     16          1.0000     1     19     19          1.0000*    1  1    500.4   500.0   100.1     1.0 50036.4
    16     16          1.0000*    1     21     21          1.0000     1  1    866.6   500.0   173.3     1.0 86658.9
    16     16          1.0000*    1     24     24          1.0000     1  1    503.9   500.0   100.8     1.0 50388.5
    17     17          1.0000     1     18     18          1.0000*    1  1    543.5   500.0   108.7     1.0 54353.1
    17     17          1.0000*    1     27     27          1.0000     1  1    161.1   500.0    32.2     1.0 16111.1
    21     21          1.0000     1     22     22          1.0000*    1  1   1146.0   500.0   229.2     1.0114599.1
    22     22          1.0000*    1     23     23          1.0000     1  1    602.1   500.0   120.4     1.0 60210.9
    23     23          1.0000     1     24     24          1.0000*    1  1    824.3   500.0   164.9     1.0 82426.7
    25     25          1.0000     1     26     26          1.0000*    1  1     85.3   500.0    17.1     1.0  8526.8
    26     26          1.0000     1     27     27          1.0000*    1  1    226.1   500.0    45.2     1.0 22611.7
    26     26          1.0000     1     28     28          1.0000*    1  1    147.4   500.0    29.5     1.0 14736.1
    26     26          1.0000     1     29     29          1.0000*    1  1    198.7   500.0    39.7     1.0 19871.2
    28     28          1.0000     1     29     29          1.0000*    1  1    350.1   500.0    70.0     1.0 35007.1
