Begin Report RATE_3
PSS(R)E Xplore-36.1.0 LIMIT CHECKING REPORT - BRANCH FLOWS          TUE, APR 29 2025  21:31
NEW ENGLAND TEST SYSTEM, 39 BUSES, 9 GENERATORS
CREATED BY PABLO LEDESMA PABLOLE@ING.UC3M.ES

SUBSYSTEM LOADING CHECK (INCLUDED: LINES; BREAKERS AND SWITCHES; TRANSFORMERS) (EXCLUDED: NONE)
MVA LOADINGS ABOVE 100.0 % OF BRANCH RATING:
LOADINGS ABOVE 100.0 % OF SWITCHING DEVICE RATING

X----------- FROM BUS ------------X X------------ TO BUS -------------X               RATING SET 1    RATING SET 3
  BUS#-SCT X-- NAME --X BASKV  AREA   BUS#-SCT X-- NAME --X BASKV  AREA CKT LOADING   RATE1 PERCENT   RATE3 PERCENT
     1     1           1.0000     1      2     2           1.0000*    1  1    271.7  1000.0    27.2     1.0 27166.3
     1     1           1.0000*    1     39     39          1.0000     1  1    259.3  1000.0    25.9     1.0 25930.7
     2     2           1.0000*    1      3     3           1.0000     1  1    600.1  1000.0    60.0     1.0 60009.1
     2     2           1.0000     1     25     25          1.0000*    1  1    718.1  1000.0    71.8     1.0 71807.8
     3     3           1.0000     1      4     4           1.0000*    1  1    500.4  1000.0    50.0     1.0 50036.4
     3     3           1.0000     1     18     18          1.0000*    1  1    240.8  1000.0    24.1     1.0 24077.4
     4     4           1.0000     1      5     5           1.0000*    1  1    373.4  1000.0    37.3     1.0 37337.9
     4     4           1.0000     1     14     14          1.0000*    1  1    329.4  1000.0    32.9     1.0 32941.9
     5     5           1.0000     1      6     6           1.0000*    1  1    890.2  1000.0    89.0     1.0 89021.4
     5     5           1.0000     1      8     8           1.0000*    1  1    222.2  1000.0    22.2     1.0 22222.3
     6     6           1.0000*    1      7     7           1.0000     1  1    423.3  1000.0    42.3     1.0 42327.2
     6     6           1.0000*    1     11     11          1.0000     1  1    599.0  1000.0    59.9     1.0 59898.0
     7     7           1.0000     1      8     8           1.0000*    1  1    175.6  1000.0    17.6     1.0 17561.8
     8     8           1.0000*    1      9     9           1.0000     1  1    156.2  1000.0    15.6     1.0 15619.4
     9     9           1.0000     1     39     39          1.0000*    1  1    192.4  1000.0    19.2     1.0 19236.5
    10     10          1.0000*    1     11     11          1.0000     1  1    568.4  1000.0    56.8     1.0 56838.9
    10     10          1.0000     1     13     13          1.0000*    1  1    147.1  1000.0    14.7     1.0 14710.4
    13     13          1.0000     1     14     14          1.0000*    1  1    115.9  1000.0    11.6     1.0 11586.9
    14     14          1.0000     1     15     15          1.0000*    1  1    297.3  1000.0    29.7     1.0 29734.3
    15     15          1.0000     1     16     16          1.0000*    1  1    594.6  1000.0    59.5     1.0 59463.2
    16     16          1.0000     1     17     17          1.0000*    1  1    237.0  1000.0    23.7     1.0 23702.9
    16     16          1.0000     1     19     19          1.0000*    1  1    472.7   500.0    94.5     1.0 47270.5
    16     16          1.0000*    1     21     21          1.0000     1  1    330.9   500.0    66.2     1.0 33092.9
    16     16          1.0000*    1     24     24          1.0000     1  1    134.6   500.0    26.9     1.0 13456.3
    17     17          1.0000*    1     18     18          1.0000     1  1    384.5   500.0    76.9     1.0 38447.6
    17     17          1.0000*    1     27     27          1.0000     1  1    557.0   500.0   111.4     1.0 55704.6
    21     21          1.0000     1     22     22          1.0000*    1  1    627.8   500.0   125.6     1.0 62779.5
    22     22          1.0000     1     23     23          1.0000*    1  1     77.2   500.0    15.4     1.0  7717.6
    23     23          1.0000*    1     24     24          1.0000     1  1    355.4   500.0    71.1     1.0 35540.7
    25     25          1.0000*    1     26     26          1.0000     1  1    459.0   500.0    91.8     1.0 45895.5
    26     26          1.0000     1     27     27          1.0000*    1  1    785.2   500.0   157.0     1.0 78516.7
    26     26          1.0000*    1     28     28          1.0000     1  1    629.0   500.0   125.8     1.0 62901.9
    26     26          1.0000     1     29     29          1.0000*    1  1    679.3   500.0   135.9     1.0 67932.9
    28     28          1.0000     1     29     29          1.0000*    1  1    842.5   500.0   168.5     1.0 84247.8
