Begin Report RATE_3
PSS(R)E Xplore-36.1.0 LIMIT CHECKING REPORT - BRANCH FLOWS          TUE, APR 29 2025  21:31
NEW ENGLAND TEST SYSTEM, 39 BUSES, 9 GENERATORS
CREATED BY PABLO LEDESMA PABLOLE@ING.UC3M.ES

SUBSYSTEM LOADING CHECK (INCLUDED: LINES; BREAKERS AND SWITCHES; TRANSFORMERS) (EXCLUDED: NONE)
MVA LOADINGS ABOVE 100.0 % OF BRANCH RATING:
LOADINGS ABOVE 100.0 % OF SWITCHING DEVICE RATING

X----------- FROM BUS ------------X X------------ TO BUS -------------X               RATING SET 1    RATING SET 3
  BUS#-SCT X-- NAME --X BASKV  AREA   BUS#-SCT X-- NAME --X BASKV  AREA CKT LOADING   RATE1 PERCENT   RATE3 PERCENT
     1     1           1.0000     1      2     2           1.0000*    1  1    228.5  1000.0    22.9     1.0 22853.3
     1     1           1.0000     1     39     39          1.0000*    1  1    233.5  1000.0    23.3     1.0 23348.1
     2     2           1.0000     1      3     3           1.0000*    1  1    378.7  1000.0    37.9     1.0 37866.9
     2     2           1.0000     1     25     25          1.0000*    1  1    363.8  1000.0    36.4     1.0 36381.5
     3     3           1.0000*    1      4     4           1.0000     1  1    416.2  1000.0    41.6     1.0 41623.5
     3     3           1.0000     1     18     18          1.0000*    1  1    402.2  1000.0    40.2     1.0 40223.4
     4     4           1.0000     1      5     5           1.0000*    1  1    409.1  1000.0    40.9     1.0 40911.7
     4     4           1.0000*    1     14     14          1.0000     1  1    454.1  1000.0    45.4     1.0 45408.1
     5     5           1.0000     1      6     6           1.0000*    1  1    866.4  1000.0    86.6     1.0 86639.0
     5     5           1.0000     1      8     8           1.0000*    1  1    240.8  1000.0    24.1     1.0 24077.6
     6     6           1.0000*    1      7     7           1.0000     1  1    435.4  1000.0    43.5     1.0 43535.6
     6     6           1.0000*    1     11     11          1.0000     1  1    687.3  1000.0    68.7     1.0 68727.5
     7     7           1.0000     1      8     8           1.0000*    1  1    187.8  1000.0    18.8     1.0 18778.5
     8     8           1.0000*    1      9     9           1.0000     1  1    124.8  1000.0    12.5     1.0 12481.0
     9     9           1.0000     1     39     39          1.0000*    1  1    164.7  1000.0    16.5     1.0 16467.6
    10     10          1.0000*    1     11     11          1.0000     1  1    646.6  1000.0    64.7     1.0 64659.8
    10     10          1.0000     1     13     13          1.0000*    1  1    150.1  1000.0    15.0     1.0 15006.2
    13     13          1.0000     1     14     14          1.0000*    1  1    133.7  1000.0    13.4     1.0 13374.6
    14     14          1.0000*    1     15     15          1.0000     1  1    511.7  1000.0    51.2     1.0 51175.0
    15     15          1.0000     1     16     16          1.0000*    1  1    803.6  1000.0    80.4     1.0 80356.8
    16     16          1.0000     1     17     17          1.0000*    1  1    687.9  1000.0    68.8     1.0 68793.6
    16     16          1.0000     1     19     19          1.0000*    1  1    496.0   500.0    99.2     1.0 49600.6
    16     16          1.0000*    1     21     21          1.0000     1  1    991.2   500.0   198.2     1.0 99117.2
    16     16          1.0000     1     24     24          1.0000*    1  1    393.6   500.0    78.7     1.0 39358.5
    17     17          1.0000*    1     18     18          1.0000     1  1    547.1   500.0   109.4     1.0 54713.4
    17     17          1.0000*    1     27     27          1.0000     1  1    159.7   500.0    31.9     1.0 15966.0
    21     21          1.0000     1     22     22          1.0000*    1  1   1255.9   500.0   251.2     1.0125587.4
    22     22          1.0000*    1     23     23          1.0000     1  1    414.5   500.0    82.9     1.0 41453.7
    23     23          1.0000*    1     24     24          1.0000     1  1    713.8   500.0   142.8     1.0 71382.0
    25     25          1.0000     1     26     26          1.0000*    1  1     84.1   500.0    16.8     1.0  8406.8
    26     26          1.0000     1     27     27          1.0000*    1  1    222.8   500.0    44.6     1.0 22279.6
    26     26          1.0000     1     28     28          1.0000*    1  1    147.7   500.0    29.5     1.0 14770.3
    26     26          1.0000     1     29     29          1.0000*    1  1    199.1   500.0    39.8     1.0 19906.5
    28     28          1.0000     1     29     29          1.0000*    1  1    350.1   500.0    70.0     1.0 35014.7
