Begin Report RATE_3
PSS(R)E Xplore-36.1.0 LIMIT CHECKING REPORT - BRANCH FLOWS          TUE, APR 29 2025  21:31
NEW ENGLAND TEST SYSTEM, 39 BUSES, 9 GENERATORS
CREATED BY PABLO LEDESMA PABLOLE@ING.UC3M.ES

SUBSYSTEM LOADING CHECK (INCLUDED: LINES; BREAKERS AND SWITCHES; TRANSFORMERS) (EXCLUDED: NONE)
MVA LOADINGS ABOVE 100.0 % OF BRANCH RATING:
LOADINGS ABOVE 100.0 % OF SWITCHING DEVICE RATING

X----------- FROM BUS ------------X X------------ TO BUS -------------X               RATING SET 1    RATING SET 3
  BUS#-SCT X-- NAME --X BASKV  AREA   BUS#-SCT X-- NAME --X BASKV  AREA CKT LOADING   RATE1 PERCENT   RATE3 PERCENT
     1     1           1.0000     1      2     2           1.0000*    1  1     59.4  1000.0     5.9     1.0  5941.6
     1     1           1.0000     1     39     39          1.0000*    1  1     95.9  1000.0     9.6     1.0  9593.3
     2     2           1.0000     1      3     3           1.0000*    1  1    302.9  1000.0    30.3     1.0 30293.8
     2     2           1.0000     1     25     25          1.0000*    1  1    517.2  1000.0    51.7     1.0 51722.7
     3     3           1.0000*    1      4     4           1.0000     1  1    151.2  1000.0    15.1     1.0 15115.5
     3     3           1.0000*    1     18     18          1.0000     1  1    479.7  1000.0    48.0     1.0 47971.1
     4     4           1.0000*    1      5     5           1.0000     1  1    264.7  1000.0    26.5     1.0 26471.3
     4     4           1.0000*    1     14     14          1.0000     1  1    457.5  1000.0    45.8     1.0 45751.2
     5     5           1.0000     1      6     6           1.0000*    1  1    571.8  1000.0    57.2     1.0 57179.8
     5     5           1.0000*    1      8     8           1.0000     1  1    384.9  1000.0    38.5     1.0 38491.4
     6     6           1.0000*    1      7     7           1.0000     1  1    501.9  1000.0    50.2     1.0 50188.2
     6     6           1.0000     1     11     11          1.0000*    1  1    456.0  1000.0    45.6     1.0 45598.2
     7     7           1.0000     1      8     8           1.0000*    1  1    253.8  1000.0    25.4     1.0 25384.0
     8     8           1.0000*    1      9     9           1.0000     1  1    109.5  1000.0    11.0     1.0 10953.5
     9     9           1.0000     1     39     39          1.0000*    1  1    157.2  1000.0    15.7     1.0 15723.6
    10     10          1.0000*    1     11     11          1.0000     1  1    433.4  1000.0    43.3     1.0 43335.1
    10     10          1.0000     1     13     13          1.0000*    1  1    263.5  1000.0    26.3     1.0 26349.6
    13     13          1.0000     1     14     14          1.0000*    1  1    241.8  1000.0    24.2     1.0 24181.3
    14     14          1.0000     1     15     15          1.0000*    1  1    303.6  1000.0    30.4     1.0 30363.2
    15     15          1.0000     1     16     16          1.0000*    1  1    559.0  1000.0    55.9     1.0 55900.7
    16     16          1.0000     1     17     17          1.0000*    1  1    914.2  1000.0    91.4     1.0 91417.4
    16     16          1.0000     1     19     19          1.0000*    1  1    496.2   500.0    99.2     1.0 49615.5
    16     16          1.0000*    1     21     21          1.0000     1  1    867.9   500.0   173.6     1.0 86787.6
    16     16          1.0000*    1     24     24          1.0000     1  1    505.1   500.0   101.0     1.0 50510.1
    17     17          1.0000     1     18     18          1.0000*    1  1    624.7   500.0   124.9     1.0 62467.5
    17     17          1.0000*    1     27     27          1.0000     1  1    295.5   500.0    59.1     1.0 29552.7
    21     21          1.0000     1     22     22          1.0000*    1  1   1144.8   500.0   229.0     1.0114484.1
    22     22          1.0000*    1     23     23          1.0000     1  1    601.6   500.0   120.3     1.0 60161.2
    23     23          1.0000     1     24     24          1.0000*    1  1    825.5   500.0   165.1     1.0 82550.1
    25     25          1.0000     1     26     26          1.0000*    1  1    204.7   500.0    40.9     1.0 20474.0
    26     26          1.0000     1     27     27          1.0000*    1  1    172.3   500.0    34.5     1.0 17225.2
    26     26          1.0000     1     28     28          1.0000*    1  1    147.5   500.0    29.5     1.0 14752.4
    26     26          1.0000     1     29     29          1.0000*    1  1    198.9   500.0    39.8     1.0 19888.0
    28     28          1.0000     1     29     29          1.0000*    1  1    350.1   500.0    70.0     1.0 35010.6
