Begin Report RATE_3
PSS(R)E Xplore-36.1.0 LIMIT CHECKING REPORT - BRANCH FLOWS          TUE, APR 29 2025  21:31
NEW ENGLAND TEST SYSTEM, 39 BUSES, 9 GENERATORS
CREATED BY PABLO LEDESMA PABLOLE@ING.UC3M.ES

SUBSYSTEM LOADING CHECK (INCLUDED: LINES; BREAKERS AND SWITCHES; TRANSFORMERS) (EXCLUDED: NONE)
MVA LOADINGS ABOVE 100.0 % OF BRANCH RATING:
LOADINGS ABOVE 100.0 % OF SWITCHING DEVICE RATING

X----------- FROM BUS ------------X X------------ TO BUS -------------X               RATING SET 1    RATING SET 3
  BUS#-SCT X-- NAME --X BASKV  AREA   BUS#-SCT X-- NAME --X BASKV  AREA CKT LOADING   RATE1 PERCENT   RATE3 PERCENT
     1     1           1.0000     1      2     2           1.0000*    1  1     53.5  1000.0     5.4     1.0  5351.4
     1     1           1.0000     1     39     39          1.0000*    1  1    102.3  1000.0    10.2     1.0 10231.3
     2     2           1.0000     1      3     3           1.0000*    1  1    293.4  1000.0    29.3     1.0 29338.4
     2     2           1.0000     1     25     25          1.0000*    1  1    517.1  1000.0    51.7     1.0 51709.0
     3     3           1.0000*    1      4     4           1.0000     1  1    150.8  1000.0    15.1     1.0 15078.8
     3     3           1.0000     1     18     18          1.0000*    1  1    471.0  1000.0    47.1     1.0 47096.2
     4     4           1.0000*    1      5     5           1.0000     1  1    253.9  1000.0    25.4     1.0 25388.9
     4     4           1.0000     1     14     14          1.0000*    1  1    455.3  1000.0    45.5     1.0 45531.6
     5     5           1.0000     1      6     6           1.0000*    1  1    571.5  1000.0    57.1     1.0 57147.3
     5     5           1.0000*    1      8     8           1.0000     1  1    386.2  1000.0    38.6     1.0 38616.3
     6     6           1.0000*    1      7     7           1.0000     1  1    502.1  1000.0    50.2     1.0 50211.1
     6     6           1.0000     1     11     11          1.0000*    1  1    452.6  1000.0    45.3     1.0 45255.9
     7     7           1.0000     1      8     8           1.0000*    1  1    254.0  1000.0    25.4     1.0 25398.8
     8     8           1.0000*    1      9     9           1.0000     1  1    106.6  1000.0    10.7     1.0 10655.6
     9     9           1.0000     1     39     39          1.0000*    1  1    163.2  1000.0    16.3     1.0 16324.0
    10     10          1.0000*    1     11     11          1.0000     1  1    430.9  1000.0    43.1     1.0 43092.9
    10     10          1.0000     1     13     13          1.0000*    1  1    254.1  1000.0    25.4     1.0 25411.7
    13     13          1.0000     1     14     14          1.0000*    1  1    233.7  1000.0    23.4     1.0 23373.6
    14     14          1.0000     1     15     15          1.0000*    1  1    281.6  1000.0    28.2     1.0 28163.6
    15     15          1.0000     1     16     16          1.0000*    1  1    555.4  1000.0    55.5     1.0 55544.1
    16     16          1.0000     1     17     17          1.0000*    1  1    902.2  1000.0    90.2     1.0 90219.0
    16     16          1.0000     1     19     19          1.0000*    1  1   1442.0   500.0   288.4     1.0144197.3
    16     16          1.0000*    1     21     21          1.0000     1  1    331.2   500.0    66.2     1.0 33116.2
    16     16          1.0000*    1     24     24          1.0000     1  1    136.1   500.0    27.2     1.0 13607.7
    17     17          1.0000*    1     18     18          1.0000     1  1    620.1   500.0   124.0     1.0 62008.2
    17     17          1.0000*    1     27     27          1.0000     1  1    286.3   500.0    57.3     1.0 28633.2
    21     21          1.0000     1     22     22          1.0000*    1  1    628.5   500.0   125.7     1.0 62849.9
    22     22          1.0000     1     23     23          1.0000*    1  1     77.3   500.0    15.5     1.0  7728.7
    23     23          1.0000*    1     24     24          1.0000     1  1    355.6   500.0    71.1     1.0 35557.9
    25     25          1.0000     1     26     26          1.0000*    1  1    198.7   500.0    39.7     1.0 19869.3
    26     26          1.0000     1     27     27          1.0000*    1  1    148.2   500.0    29.6     1.0 14817.2
    26     26          1.0000     1     28     28          1.0000*    1  1    149.9   500.0    30.0     1.0 14993.4
    26     26          1.0000     1     29     29          1.0000*    1  1    201.3   500.0    40.3     1.0 20130.7
    28     28          1.0000     1     29     29          1.0000*    1  1    350.7   500.0    70.1     1.0 35069.5
