Begin Report RATE_3
PSS(R)E Xplore-36.1.0 LIMIT CHECKING REPORT - BRANCH FLOWS          TUE, APR 29 2025  21:31
NEW ENGLAND TEST SYSTEM, 39 BUSES, 9 GENERATORS
CREATED BY PABLO LEDESMA PABLOLE@ING.UC3M.ES

SUBSYSTEM LOADING CHECK (INCLUDED: LINES; BREAKERS AND SWITCHES; TRANSFORMERS) (EXCLUDED: NONE)
MVA LOADINGS ABOVE 100.0 % OF BRANCH RATING:
LOADINGS ABOVE 100.0 % OF SWITCHING DEVICE RATING

X----------- FROM BUS ------------X X------------ TO BUS -------------X               RATING SET 1    RATING SET 3
  BUS#-SCT X-- NAME --X BASKV  AREA   BUS#-SCT X-- NAME --X BASKV  AREA CKT LOADING   RATE1 PERCENT   RATE3 PERCENT
     1     1           1.0000     1      2     2           1.0000*    1  1     58.7  1000.0     5.9     1.0  5873.2
     1     1           1.0000     1     39     39          1.0000*    1  1     96.9  1000.0     9.7     1.0  9685.8
     2     2           1.0000     1      3     3           1.0000*    1  1    301.3  1000.0    30.1     1.0 30128.9
     2     2           1.0000     1     25     25          1.0000*    1  1    518.7  1000.0    51.9     1.0 51870.8
     3     3           1.0000*    1      4     4           1.0000     1  1    146.8  1000.0    14.7     1.0 14675.8
     3     3           1.0000*    1     18     18          1.0000     1  1    482.8  1000.0    48.3     1.0 48279.0
     4     4           1.0000*    1      5     5           1.0000     1  1    258.5  1000.0    25.8     1.0 25845.8
     4     4           1.0000*    1     14     14          1.0000     1  1    459.3  1000.0    45.9     1.0 45932.7
     5     5           1.0000     1      6     6           1.0000*    1  1    564.8  1000.0    56.5     1.0 56477.4
     5     5           1.0000*    1      8     8           1.0000     1  1    385.0  1000.0    38.5     1.0 38500.9
     6     6           1.0000*    1      7     7           1.0000     1  1    500.6  1000.0    50.1     1.0 50057.5
     6     6           1.0000     1     11     11          1.0000*    1  1    460.5  1000.0    46.0     1.0 46046.4
     7     7           1.0000     1      8     8           1.0000*    1  1    252.5  1000.0    25.3     1.0 25252.4
     8     8           1.0000*    1      9     9           1.0000     1  1    107.6  1000.0    10.8     1.0 10761.6
     9     9           1.0000     1     39     39          1.0000*    1  1    157.5  1000.0    15.8     1.0 15750.9
    10     10          1.0000*    1     11     11          1.0000     1  1    437.6  1000.0    43.8     1.0 43762.4
    10     10          1.0000     1     13     13          1.0000*    1  1    257.9  1000.0    25.8     1.0 25793.2
    13     13          1.0000     1     14     14          1.0000*    1  1    236.0  1000.0    23.6     1.0 23600.7
    14     14          1.0000     1     15     15          1.0000*    1  1    305.9  1000.0    30.6     1.0 30585.4
    15     15          1.0000     1     16     16          1.0000*    1  1    565.7  1000.0    56.6     1.0 56572.5
    16     16          1.0000     1     17     17          1.0000*    1  1    918.2  1000.0    91.8     1.0 91817.4
    16     16          1.0000     1     19     19          1.0000*    1  1    491.9   500.0    98.4     1.0 49186.7
    16     16          1.0000*    1     21     21          1.0000     1  1    993.1   500.0   198.6     1.0 99312.3
    16     16          1.0000     1     24     24          1.0000*    1  1    393.8   500.0    78.8     1.0 39376.3
    17     17          1.0000     1     18     18          1.0000*    1  1    628.6   500.0   125.7     1.0 62855.1
    17     17          1.0000*    1     27     27          1.0000     1  1    295.3   500.0    59.1     1.0 29533.6
    21     21          1.0000     1     22     22          1.0000*    1  1   1255.1   500.0   251.0     1.0125508.8
    22     22          1.0000*    1     23     23          1.0000     1  1    414.5   500.0    82.9     1.0 41452.1
    23     23          1.0000*    1     24     24          1.0000     1  1    713.5   500.0   142.7     1.0 71349.9
    25     25          1.0000     1     26     26          1.0000*    1  1    205.1   500.0    41.0     1.0 20511.0
    26     26          1.0000     1     27     27          1.0000*    1  1    168.4   500.0    33.7     1.0 16842.6
    26     26          1.0000     1     28     28          1.0000*    1  1    147.9   500.0    29.6     1.0 14788.5
    26     26          1.0000     1     29     29          1.0000*    1  1    199.3   500.0    39.9     1.0 19925.1
    28     28          1.0000     1     29     29          1.0000*    1  1    350.2   500.0    70.0     1.0 35018.8
